# Otrzymana energia: -194.23612283547493
# (n = 30, β_min = 1.0, β_max = 100.0, p = 2.0, itmax = 100000, Wall = 0.0001)
# (wr = 0.0001, wθ = 0.05, wϕ = 0.05)
-1.203680172029603 -1.6366076108577523 -1.5153559906854572
-2.3451806579886396 0.839563981586564 -0.592645564537133
0.003086339543011022 5.142568803225663e-12 -2.5887730646444114
-0.29675625425568697 1.4574578747191653 2.022705088547362
1.6020883216474322 1.935327658636266 0.540649672436443
-1.0106875656390562 -1.0673008944348363 2.050410810686949
-2.02100153346342 -0.2113884968414376 1.5147097965685066
2.139144886004027 -1.3271546317804626 -0.5436523073283835
2.515360574513042 2.574620655186189e-9 -0.5761919157886793
-1.273730043833318 -0.307949070129557 -2.2135311324231064
-0.5567095215487038 2.4609041790023514 -0.22007782859069794
-1.0135489827725226 -2.1490456114133374 0.9257508093530141
0.29552317110047277 2.3486180357145683 1.0213162703152265
-1.9230351066162725 -1.6862143316891074 -0.24073243128329908
1.873525253893926 0.926149806614734 1.403594754789117
1.564861141736211 -1.2640996013625558 1.6219384613737087
1.3654935246407272 1.481761641124318e-14 2.1440490137914523
2.0328680076162127 1.3357214505460362 -0.6823690926415622
-2.5088192974455734 -0.42847373141468315 0.11869939365275006
1.4674650321348344 -2.0318300181349094 0.5072811508302838
-1.7760668995983835 1.794558032746175 0.291392173867632
1.1877397609233273 1.422557897967608 -1.8033077740198906
9.971870773171032e-23 1.0012321824015831e-40 2.481088207884688
-1.5039480885211256 1.0718740832135838 -1.7895361201789377
0.10878352135069869 -2.222457192503886 -1.2936767790516033
1.2999658534686191 1.8194786314486612e-5 -2.2538961912836464
1.2976521858822885 -1.3859869041006534 -1.732908384938288
-0.2712342917957023 1.9786610939194407 -1.597481116903338
-1.6625449901067326 1.1373380316207153 1.587988980033348
0.1576981584124483 -2.5539168420090017 0.11307502263035486
