# Otrzymana energia: -203.1626644373841
# (n = 31, β_min = 1.0, β_max = 100.0, p = 2.0, itmax = 100000, Wall = 0.0001)
# (wr = 0.0001, wθ = 0.05, wϕ = 0.05)
1.0703585399847397 -2.3427956917240014 0.47087645856024196
0.7800769855995283 -1.3002404379655468 -2.095687400867465
9.479388687373633e-17 1.2338509453549126e-37 2.532054234670578
-1.5405946813922735 -1.390016672626614 -1.5589366365330986
-0.9012866287338274 -1.0580725289892874 2.1790360389847248
-0.8274298928519248 2.3408065600293195 -0.8602047079790837
-0.15841754300616806 -2.1957315616284694 1.3905713432087508
-2.2442002623118245 1.0807169437213204 0.8083943235162967
2.28316127287598 0.6547565958183862 -1.0416615500327
-2.4112486890270364 -0.6844097756975754 -0.7205606167209585
0.5535725818164531 2.156502068745352 -1.3576662730938318
2.074040054752074 0.7720012972295079 1.3473763935902467
1.3710174585708073 1.0803485508165458e-10 2.242731178532423
-0.3745716304705526 1.2965951762481807 2.281144124694836
1.383417846010354 2.0206849590551736 0.8805771249020173
2.54491840911344 1.4626039057895754e-6 0.24850928180398735
1.536610526056718 0.0006305044422891462 -2.065399366496448
-2.458210139411397 0.7002153001799469 -0.6216464582278196
-1.5757891770027512 1.325937231640579 -1.541265979440023
-0.5596664161034255 -0.7829552264431267 -2.4315938972605413
-1.2467413682272992 2.224234989990628 0.5365925448698893
2.1774147460067144 -1.3519105114397458 0.4655455156123441
-1.2471043164722415 -2.265541248016731 0.4637205240625117
0.5833924684137902 1.0861285858367955 -2.304670374591369
-0.782391909927762 -2.3431789166982595 -0.8788197630968964
0.6364377222505856 -2.3177084660476663 -0.9950119102610735
-0.7446997397421473 0.6167494058444272 -2.446984064560268
1.7233215877469859 1.9083474047597087 -0.5304687701938203
-2.0818358458305766 -0.25150721698631906 1.5717542745458515
0.012822898484273766 2.271798295182225 1.3397738595351523
-2.2415620345241383 -1.225457739199819 0.5450317058648757
