# Otrzymana energia: -209.34917635237326
# (n = 32, β_min = 1.0, β_max = 100.0, p = 2.0, itmax = 100000, Wall = 0.0001)
# (wr = 0.0001, wθ = 0.05, wϕ = 0.05)
-0.9157659585583399 -0.42065672778171 -2.4400172722989377
0.7624101865567837 1.3097704445842684 -2.1895466549110583
-1.9274746160456535 0.3563730304372808 -1.7697263814483328
-0.6499745130553064 2.474852802765877 0.6170268798299594
5.0901092725261e-13 5.070151382048067e-29 2.636520968801205
-0.2432294399789832 2.09046718336811 -1.5899180822984926
-1.8904571080980828 1.904090856398122 0.047418486052820855
0.2993152512640447 1.9976296691729392 1.7033477777222892
-1.9254475293593514 0.4404796578292837 1.7793913764941496
1.6039663352610334 -1.2394315362578456 1.7167806569896311
0.4082097572778487 -2.6140184893954754 -0.27673964523202016
1.8506721162101194 1.3811708932743272 -1.2976797134748073
0.33251334215337214 2.58691662832298 -0.4227974532496913
-0.9244327777410271 -2.4823941965493703 0.2776370420608176
-1.797733706118386 -0.9136016529164229 1.7530089076441757
0.28375538663445277 -1.3018923026375513 2.300189447554339
-1.5693873323679868 1.6282846580386556 -1.364776168306049
1.4308865195381293 -0.8939083498451262 -2.0430480366289068
-0.88133738660792 -1.971387364612052 1.6139886831222754
-0.7188845666477297 1.101504694054152 2.298301575477355
-1.864766504366099 -1.7684177957786351 -0.7276578764337245
-2.5519953029724163 -0.4242969181553078 -0.6443893286916099
1.6470704880063454 2.0601364770559765 -0.05356303859187166
-2.515514256698188 0.6745969376047556 0.46173837257113054
2.2932492318137307 2.7095658263398484e-8 1.3231348943043577
-0.8571964500062409 -1.7017188243511188 -1.8489209491449472
2.304908127272002 2.9728272508630203e-7 -1.3436794599860573
1.339845632070253 -2.1979157094007675 0.6660001677203327
0.5395898612690855 -2.0465436457382418 -1.6179876850904578
0.40794958510931045 1.0048737673115886e-7 -2.6254326889458213
2.6851162069058256 2.502467143357914e-6 -0.03292504047336894
1.7353111928295315 1.5191816437079326 1.3134842137609464
