# Otrzymana energia: -219.69879627645585
# (n = 33, β_min = 1.0, β_max = 100.0, p = 2.0, itmax = 100000, Wall = 0.0001)
# (wr = 0.0001, wθ = 0.05, wϕ = 0.05)
-2.1704980193216215 0.25971883486562997 1.506631920156127
2.111910453915838 -1.5060645192570665 -0.62515336341876
0.8994980420539466 1.5782560929386358 -1.9623154571832733
1.6312198380672809 -1.9923139327641126 0.7306990352375403
1.5718115039941687 1.9799491791747783 -0.7706135121484126
-0.49636476785634875 -1.3816953601265005 2.2131460281354696
-0.67401984358529 -0.46321421243773875 -2.530997579527261
0.599239565675678 2.6163089660092127 0.027799806178518047
-2.4718885860591913 0.31436739252954865 -1.025872965202596
-2.4310966492963373 1.039130175407434 0.2894427079431253
1.8483301304031419 1.214330752116081 1.446689639996186
-1.5133103314852658 2.1273627765556373 0.4209226622883557
-1.497459591131722 0.727869713384738 -2.0987054682832795
-0.26437446506082973 -2.387221298140398 -1.214858165460746
1.0702474752603324 -1.877499117747031 -1.5795156976823483
1.4265121675589951 2.1225121928311965e-11 2.197437291144792
0.7631369259753152 -0.7372616977127215 -2.448099828471634
0.7500398894949012 2.232855902966411 1.3906498299651722
-2.255194719708736 -1.130721195708374 -0.8447387699814946
2.4175055984563074 1.1171415964808942 0.015541109215849998
-1.8703654985274953 -1.837632301956065 0.3261172828512554
-0.6744451769289904 2.037792041513119 1.6357049378630109
-1.2612954161135352 -1.5716444076997382 -1.743597811711076
0.24851396674402346 -2.314484539782333 1.2726031984536474
-0.5774793984566067 1.8113706327924375 -1.8710443717089371
-1.0862011798580364 0.8634140992331603 2.2595747350463333
-0.6748038292833374 -2.5769227309958107 0.1357036828469277
1.8394030184740376e-19 4.141272734530914e-34 2.574331017193225
-0.6407118942012047 2.5192534866737986 -0.6458575138715366
-1.8231015948870168 -1.1344478267218472 1.6017952673628748
1.6055686560265259 0.3427865190681848 -2.116545508214602
1.9437570998640343 -0.9681903496600436 1.5330122127125814
2.4807605445380814 2.4290031342931065e-6 -0.982423322679317
