# Otrzymana energia: -224.06316227438722
# (n = 34, β_min = 1.0, β_max = 100.0, p = 2.0, itmax = 100000, Wall = 0.0001)
# (wr = 0.0001, wθ = 0.05, wϕ = 0.05)
-1.1717314759498658 1.6296554270715826 1.84073926686673
1.8277228580577984 2.0778335041838587 -0.10443025303097817
0.9703778474707673 0.9310630086849423 2.341060973043428
2.426799015797552 -1.294008580384884 0.044691280498287744
-0.7365726132425169 -2.5725658325068546 0.5325301555696654
-2.1821870325334 1.4393044811711981 0.7690558199616577
-0.14960999979644302 -0.17690104722821307 -2.72672492491296
2.664946771624299 9.808576540940344e-9 0.6109011679674633
-1.7855073895391813 2.024175651180709 -0.4609168700861176
0.2532072120934008 2.0743689568720187 1.7414369162265355
4.629529565706122e-14 7.835963092459432e-24 2.694449194287384
-0.4445110615534515 -1.5560935497636637 -2.2129623490580603
-2.7092570540431753 0.12215166593462273 0.5244611124848934
-1.6894594820264832 -2.1493988489695486 -0.3573511523257344
1.9669516278515786 -1.3926958112515886 -1.3187720320078078
0.5607397041302654 -2.697422823447774 -0.06971041403880411
1.3815692444352994 -1.3673442182219588 1.9353767661812313
0.03493476425142741 -1.3911739965083616 2.398457651754042
-1.7977905745332474 -1.3723119973001892 -1.529468187405487
2.4985284747088015 0.9137594223917673 -0.504237404618644
-2.0698183312203486 -0.653032423107688 1.617357103023448
-2.0713760781361086 1.0244377968759004 -1.461072332773482
1.1541759808978815 0.19945895278997344 -2.461536774316636
-1.3243276223810374 0.31561683378810634 2.384758411150723
-0.47911264749527094 2.6659545559772315 -0.5738850588059634
1.5703953423021872 -2.1386735864506887 0.7757710323172323
2.204079943924766 0.0011806983145471294 -1.6178904973692383
0.6236994535916515 2.668816317378516 0.413239559934437
-0.18960121102089364 2.045690880676789 -1.81969017804555
0.727368195368127 -2.1632172603032322 -1.5339364259420074
-1.1245770282870475 -1.800436761056698 1.7217288020142472
-0.935631053444159 1.0004394350147956 -2.390981640460389
1.9813804398550723 9.28248578352789e-14 1.8829504401932717
-2.5711589401580928 -0.22793590565820687 -0.9284417942184098
