# Otrzymana energia: -229.5005784328034
# (n = 35, β_min = 1.0, β_max = 100.0, p = 2.0, itmax = 100000, Wall = 0.0001)
# (wr = 0.0001, wθ = 0.05, wϕ = 0.05)
-1.6443848165087431 1.6178541501382082 -1.6277114385001232
0.996816124622511 1.0359257856383925 2.3364830215419143
2.7584469331841004 1.0224290283389758e-6 0.5675309471446862
-1.154057117255288 2.5522969074577273 -0.4480758394372915
1.5119830678801902 -2.257487627958868 0.7050681933085625
-0.26190967884593197 -1.269895340635582 -2.4593684527001742
6.371361646530986e-21 3.083404788237e-40 2.7857974714855365
-2.779143736452747 -0.17275712807138383 -0.34463764281541553
-1.2230783327823325 0.6083721583908092 2.4347156944328328
-2.364042946085761 -1.5128883210238393 0.0023057845886342247
-0.6417073388463927 1.129311575255319 -2.4822850882337417
2.4389729572014898 -1.3907462176974876 0.042196697476142575
2.0246822692513042 -1.3963878984333684 -1.3143966876420419
0.330847075536702 2.218647834874685 1.6402647182723882
2.3570329823818796 1.3560101982995667e-6 -1.5127944406565768
-1.5562607206124122 -2.1269148044284356 -0.9849231166011303
-1.0780525264857284 1.847982122200161 1.7861984622634468
-2.5949101549877045 0.6860380055171943 0.7561310773500141
-1.6769949672805553 -1.0145264288976656 -1.99960119603035
-1.9464648728357041 -1.5068261622223622 1.3479789690246682
-0.027111043126099285 -1.3416401721643505 2.4550868090588316
-2.163874137458354 -0.20348524975328644 1.748023036196829
0.20148970947577893 -2.7167708289323635 0.6169158932591184
2.52908894640478 1.0034717188561675 -0.46085778594734467
0.1610762532696093 1.2494637649239973e-8 -2.776719288861209
-2.2838719587693976 0.3172756442848176 -1.5763814356410717
1.547517687894056 2.2404768193102904 -0.5466109312498036
1.3917006378603989 0.6136423275391477 -2.3384097494493803
0.34911488481389275 2.7744054854006492 0.20930772298885997
0.7548899406160148 -2.0231175075413868 -1.769771430146466
1.1234824189632984 1.8170999346794223 -1.8170878386211788
2.112377900488109 0.44194881471251884 1.746796033327573
-1.90270968067393 1.9503530419105821 0.6557948438087584
-0.22022046310620844 -2.707308278102592 -0.7620556353738316
-0.7128485776769674 -2.1903660252102037 1.6072635739084493
