# Otrzymana energia: -238.73071481576417
# (n = 36, β_min = 1.0, β_max = 100.0, p = 2.0, itmax = 100000, Wall = 0.0001)
# (wr = 0.0001, wθ = 0.05, wϕ = 0.05)
-0.4431333976265492 -0.5339956325514033 -2.754869549813834
-0.7755277520425362 -2.618882469391981 0.6200074631268615
-2.2285883535539455 0.5674256795843035 -1.638583795721082
-0.16736055103785363 0.8329232950309955 -2.6774327231342823
-2.6034210261428874 -0.880005955083213 0.553473526269778
-0.29838385838279197 -2.381442779904856 -1.4660393515246193
1.2174139413501441 1.0861027679383077 -2.318700033661926
0.4543755161580363 -2.7534089482004123 -0.2541197819965358
1.6840446432463212 2.118728097664898 0.8386807751043233
2.652019835161669 0.631338389096765 -0.6861063380182006
-0.5341338257018412 2.548247745826102 -1.0174038993908239
-1.621703177873421 -1.8891233696950764 -1.3404795958009554
-0.8462150783471922 2.673082530989961 0.47483593906046734
-1.9579703203406098 -2.0431613073765607 0.016662682427655277
2.0997003182713074 0.9748703971823192 1.5331798214972179
-1.4018947853746404 0.5486364127030773 2.380895646781994
0.4634177386961359 -1.5560836871802892 -2.3223906222978297
-1.243709037978395 1.609160110277394 -1.971148070646095
0.45460164177646106 2.598669547083427 0.9747956537546109
1.4621254642665935 -1.6577717743250044 1.76817085864152
1.800613665714791 -2.0997602455514035 -0.49049776259696426
2.73756910772944 4.03423554581478e-5 0.6416617324125818
1.204781479993823 0.63533716895258 2.512597559103511
1.7609494269070347 -1.3730476433745915 -1.7447407743243166
1.9875865426222294 1.9122102964433454 -0.5395451383740877
0.9147270118205488 2.222611594459201 -1.4182850908107505
2.137113215996262 9.623253105112627e-9 -1.8449532753002575
-2.4574999562459663 1.3048214940509684 0.47866812605969883
-1.9335707518442737 -0.7475282521571825 1.8839273979721298
1.065216073127781e-10 8.56066732106016e-28 2.7200392256820094
0.271689960163173 -1.3856576532912794 2.440817235100363
2.3351537797710358 -1.3918106681855287 0.6977520475586257
-1.6284795472262246 1.7478784153004194 1.5041269997892817
-1.7517172517959072 -0.68441263257747 -2.0819203267176003
-0.9574672556392609 -1.8581997574294187 1.8852182200309262
-2.7971714091424915 0.2821067396903959 -0.2951759655165263
