# Otrzymana energia: -246.07364099349678
# (n = 37, β_min = 1.0, β_max = 100.0, p = 2.0, itmax = 100000, Wall = 0.0001)
# (wr = 0.0001, wθ = 0.05, wϕ = 0.05)
0.02507026240619347 -1.381544980080704 2.4940820191322097
1.1296802382935076 1.8673964701676125 1.8107021529569303
-0.6289360027748612 2.6109666464322316 -0.9101629845610918
-1.3525564372236192 -1.5930732271884749 1.917588623607029
-1.9919287237544305 -0.2597773871512222 2.0120286274364325
0.9862827141718784 2.584261975901075 0.6636808332054825
-1.161436238755099 0.8399717251731388 2.4542151198998456
1.0626218232796243 0.9812022434855864 -2.4206525942272563
-1.945458778555286 1.882810788546959 -0.7814897360649645
-0.4812153097187354 2.7286267589430038 0.5436534973504547
2.197140252484987 4.5198662198714025e-9 1.7882515715859144
2.765379271817575 4.1277268909169906e-5 0.4656194866454278
2.198906169228752 0.21807712297467047 -1.7866654257362085
-0.1941751990446255 -1.3370682883975602 -2.486640671259705
-1.349064100916022 2.013427544888154 1.5151552547975593
-2.40867830990656 -0.5945814303713107 -1.3773919914219568
1.2328906192975524 0.7103587844082742 2.4890381285367824
2.0848340559540874 -1.2212211727809068 -1.4658178069174135
1.6931104377022481 2.211357162875628 -0.5158848806260291
-2.349752176037843 1.5245326494261047 0.5365999579258006
-1.9449240294358472 -1.9775798834398324 0.5949573987049824
-1.0666498043188568 0.7354749982993566 -2.5430120064878907
-2.7038921242594474 0.2040177616688965 0.881867930739212
6.752662767303839e-24 4.960192281414643e-43 2.7750078084080836
-1.3024146754977899 -2.4502693829530346 -0.6253220255694566
1.4617598571094306 -1.323448758260221 2.0512294597865246
0.11835330241272964 -2.717696451560698 -0.8257796097067837
2.5639147848922184 1.0204951497113217 -0.5707688838951348
2.5299256383433897 -1.2864438041157398 -0.08460905004861123
-1.4452717014218701 -1.6138937381524867 -1.8050774630523534
0.6863296782208175 -2.7060103851268225 0.4139634542376612
0.8925797325252041 -1.993052350368711 -1.7976333746963813
0.7093770544799292 2.1786517338485947 -1.6039763689807267
-2.681497808932074 -0.9003267434671847 -0.02031768011148538
-2.1191405612126157 0.7291831623940397 -1.7128428825712252
1.767826152862798 -2.0479948287836214 0.8690043755062108
0.04092592974998718 2.5151493607950596e-11 -2.8600662636451673
