# Otrzymana energia: -252.26369896504872
# (n = 38, β_min = 1.0, β_max = 100.0, p = 2.0, itmax = 100000, Wall = 0.0001)
# (wr = 0.0001, wθ = 0.05, wϕ = 0.05)
-2.3054739722635818 1.608800621679223 0.566362347041796
0.0410086525549352 2.3169145996305485 1.6708063183838515
0.8959591061714826 2.507116579222427 -0.9611965399050992
2.427663527198168 1.4717258956993753 0.45411499790314397
1.4185331446931257 -1.4754986360915723 1.966175182528104
1.2815860073139727 -2.4357311862615574 0.8280962882245895
-0.039036665138095256 2.833679957091345 0.24891717436596708
-2.2293368236817286 -0.5021986383761484 1.757112109510115
2.184541503821132 1.5994777263531637 -1.0118430212846359
-0.8099200450329345 1.2122537105467348 2.458932644739459
-1.4529063903624735 2.456759228635154 -0.23727118516362164
1.8219440576008157e-23 4.243524688575811e-41 2.824248590574078
-2.7565590961157915 -0.6389238713603075 0.4164288661049379
-1.786995220693706 -0.6903885785462979 -2.128872318408046
1.2069720792817376 0.7016236681224001 2.4783646872593303
2.15682355873813 5.847365728984056e-11 1.869999044513571
2.4604136475502902 2.71650994209282e-7 -1.4817810215146698
-2.2312143700963 0.6059672265408694 -1.6821801403057057
-2.0013916532376985 0.9593166846195961 1.7764834652114116
-1.6328904215399187 -1.9569750640221009 -1.345012142100803
-1.2712596218398478 -1.56634425964173 2.0508632776126854
-1.4571026482217162 1.9011891135069043 -1.6046796435027868
1.470430402408268 1.8569006618616202 1.5699920655524244
-0.07817114392120231 2.076931268539264 -1.9896835987164507
0.7389661470272922 -1.1808964872486118 -2.507693563597961
0.9153481301119432 -2.2245681554911303 -1.5626115288517732
-2.184959833821252 -1.8635882713972134 -0.0750053295805336
-0.5330793653799853 -0.7546245871868363 -2.72395890582902
0.048745709631534295 -1.3333193447055476 2.5349473975730574
-0.022146349382862848 -2.8429792212442373 0.3032316963268336
1.8753725226285634 -2.0977713006151806 -0.49042435431539355
0.6113568938367941 1.066249931964485 -2.6097587447550525
-1.2594958809071028 -2.399882325951173 0.8745014812635108
1.460175363918083 0.001252246151388301 -2.4797828086912257
-0.33966825062516015 -2.630462028431653 -1.1029665011152279
2.699475872269174 -0.9182364717380095 -0.4325394678251719
-2.77730229111661 0.5754832537468358 -0.3419924082975652
2.779562805199593 1.0733176044613226e-6 0.6312375016677471
