# Otrzymana energia: -262.15285218327773
# (n = 39, β_min = 1.0, β_max = 100.0, p = 2.0, itmax = 100000, Wall = 0.0001)
# (wr = 0.0001, wθ = 0.05, wϕ = 0.05)
0.5618298635294604 -2.805091888975312 -0.2671684080379478
-0.41781188199481584 -2.110110252499769 1.935349929351018
0.30171283372955277 -1.4075871067784353 -2.5125309558062128
-0.43994820625225006 2.2561982838995918 1.708807272226512
-1.7004209467306888 1.8241419750461623 -1.4358760862307076
-2.812091601756922 -0.11511944574809828 0.6280568787921319
2.147187244904235 7.323560260772922e-8 1.8947224286678894
2.6148806037587895 -1.232700370348312 -0.07093816147682604
-1.4746190454172565 -0.10498847701543931 -2.485774959374712
0.6956446325294858 2.7933497128861413 -0.20806790187979007
1.1289671981685387 0.7695188468523531 2.4690504010116894
-0.3976145928984254 0.7611410861010894 -2.7501636290839944
-1.0992909857930973 -1.4498549188990644 -2.2491085565843463
-1.8390042498853965 2.240349805778525 -0.08767119315028432
-1.031465530074458 -2.700031571654572 -0.13568440267732435
0.45892586964986615 -1.3209620897440975 2.5357748187206774
2.1062777879704604 1.2961495340980898 -1.4688985566322035
-1.414347008878918 0.12609714325270385 2.542702141478228
-2.7261899610721656 -0.6507159587457938 -0.71253162973861
2.8373874176747 9.686281726975225e-10 0.6138228919851925
-2.4739258608027046 1.307503094122073 0.8106820421428963
3.4344144167348947e-14 4.934371282788908e-31 2.8356235028466594
-1.5279577910266962 -2.167838573190564 1.1509201176726345
1.0486220461891989 -2.1724069384851865 -1.579771679091688
0.7351784054321041 2.809192612508059e-5 -2.8133467042206415
-0.37812221558247 1.9725391489362831 -2.069184125846861
-2.3544619329337086 0.4912623223037149 -1.5693615893569555
1.9860283692800391 3.6718309079289207e-8 -2.127374806890848
-0.6058710966949055 2.8064458392012352 0.3804436691999694
0.9100002516367751 2.2904962110942564 -1.5027589787791968
1.7391871621287225 2.2350632513888598 0.656163228871425
-1.5685866046876018 1.4465237364371757 1.9560671857843945
2.555636303198303 1.2704733335211242 -0.07241344856479469
1.743846585679242 -2.2310890517612294 0.6342912389191024
2.1725030422751757 -1.2266258379650605 -1.439718076787272
-2.1727161733001683 -0.8751673712431622 1.6826227688208621
0.9715152275172423 1.9789810440145208 1.826617146736304
-1.8588138780543912 -1.8953850528205387 -1.1021769150869907
1.697161468448696 -1.4398375188081682 1.8379886599059898
