# Otrzymana energia: -272.8820213014322
# (n = 40, β_min = 1.0, β_max = 100.0, p = 2.0, itmax = 100000, Wall = 0.0001)
# (wr = 0.0001, wθ = 0.05, wϕ = 0.05)
2.1371725648413666 0.9104187689466436 1.7845327534256277
-2.0271300656614617 -2.086153304784336 -0.35101441419082274
-0.4327831834228272 -1.2994126699513444 2.6179171151152674
0.7392479955386186 -2.7859428907231565 -0.4683556737776684
-1.6495869663444607 -1.5761548346613838 1.8783846373026027
-2.228296128797001 1.8231392274890375 0.6085718962837596
1.0578349476652198 1.9864546635018592 -1.8817539712849052
2.7879522096469156 0.19284119348734 0.7010767236604104
-1.4598401644597436 1.6622869730035066 -1.9246863065962978
-0.28702037512464 2.4371574667922515 -1.608470939701756
-2.7530311628849042 -0.9435638903755064 0.09084093917198204
-2.734513648861848 0.01008680272942818 -1.0157246441703938
-0.9988630550697236 2.588920315489531 0.8675699636864027
-0.07345319707824514 -2.3485780320531715 -1.7205039484703597
-1.1286761540645411 0.44736938710475993 -2.6879522535070635
1.7278067517158255 -1.3069697273528431 1.9608341922099681
2.5192261280873294 -1.2718304100781461 0.7838620960110078
-1.353147702018093 -2.4602606556692144 0.807167930217136
1.2156444954000938 2.6410693586407996 0.2749870539701921
1.271581254262938e-19 8.37977319834136e-43 2.970453640760417
2.7042229761766783 0.7845520714113308 -0.6006114025156486
-0.9192169446866212 1.0679102879108997 2.5512085217731824
0.5826069959021785 -2.1279910330695753 1.9228003044953226
1.9494353189071991 -1.3454099598226985 -1.6908610683090075
-0.11307220204126915 2.893226467205988 -0.2408303828558723
0.7397611151447635 -1.3297737376968202 -2.5059437345753137
-2.4999242567225455 -0.5062395433258636 1.4284410659474536
-1.969431496714182 -0.5879600948267902 -2.078430255238891
0.19816377819183545 5.3334856121743054e-8 -2.858313541904142
1.3353820438552049 0.7672751643721285 -2.503902835633836
1.9745541378562956 2.0032193134329774 -0.8025153569753637
-1.4249030843220256 -1.9251699443392505 -1.632992225818618
1.257797538869172 2.069835643602015 1.570996345472315
-2.417380129650927 1.4153512219855129 -0.8091651148889115
2.033032890944333 -2.0523621925783133 -0.43354748873854637
-2.167024674230728 0.9064624844390495 1.753706616487354
1.3502602565785957 5.695626851256296e-10 2.5785951723684297
0.035564339819616916 -2.8123154081116604 0.7934458490573522
2.291697219104131 2.931570524542598e-6 -1.774897108380628
-0.14186986481509883 2.1320462119363817 1.9692812691001227
