# Otrzymana energia: -275.07741336171705
# (n = 41, β_min = 1.0, β_max = 100.0, p = 2.0, itmax = 100000, Wall = 0.0001)
# (wr = 0.0001, wθ = 0.05, wϕ = 0.05)
2.63564217152463 -1.2603879018430655 0.826547514162977
-1.6958752500547372 1.620783085628611 1.9306031998482975
-1.063714820292188 -0.6455701238982464 -2.737958592843425
-2.244321927570608 -0.3679249714082965 -1.970606157400626
-2.814122559066239 -1.097867314862965 -0.06555150669278365
1.8645442473465144 -1.2494592289955935 2.046418776960289
-1.0127407707726586 -2.47366754187618 -1.4252492970435386
1.4157604394231744 3.026113138470127e-7 2.679925138637318
1.7852909744999568 1.1977907824967051 2.0985683937989745
0.6920836397241081 2.125078047298681 1.9726664903673505
2.609955741764082 1.2327634456325778 0.9901099233880108
-0.3192364974675053 -2.988510287354074 -0.1990899672681031
-2.252551094188728 -1.6029988873212972 -1.2494269968420004
-0.18174537213226172 -1.7757512726882616 -2.4622273666575114
-2.5955308162170834 1.4846349175333888 -0.2629059768245848
-2.4499526690060907 0.4591885700864145 1.7091023771515765
-1.1832749144708767 1.667938928720387 -2.2213087083933196
-3.0150857485904488 0.2556636217835679 0.40977914442126906
0.8465415866052141 1.8413365037604258e-6 -2.9081660929372157
3.0106831989842635 3.802131621886558e-5 0.3652010754090351
2.2952156112105326 -1.281024720510125 -1.4948663287573367
-0.370032876961345 0.6413351167732699 -2.9386383130934566
1.2201750828499849 -1.2657000578535629 -2.4620787188702855
-2.040280455853466 -0.8311986040365875 2.074412193316236
-0.41174866775091007 1.4534132161129512 2.659669415447383
2.452658327946105 1.377406367130646 -1.0563672591633002
2.8731226002620662 0.00029661480567146574 -1.06798316121713
-2.232990046972688 -1.7565485493062503 1.0537077192753272
5.069626503545622e-16 1.0480612729532088e-33 2.984283100591393
1.0549796522289698 -2.832118579798175 0.30903196421292045
0.9934564753503978 -2.346052422008619 1.650379271712647
-0.5593356994120026 2.9542526625120313 -0.010095548892161105
-0.3027903276099617 -2.236849631645804 2.04569338393634
-2.365763846536743 1.0343264493502353 -1.6375122258629726
2.1739355744403968 -2.081864692831541 -0.27206018413820554
-1.7409927261011353 2.3435450348473936 0.6274598727061121
2.102195116127641 2.215203220886699 0.08144408840748328
-0.6284991331536774 2.633792378678131 -1.3785109714959123
0.8283827760391744 2.8187556164375978 0.615761269227474
-1.10285267221689 -2.6523251802747145 0.9587332148508679
-0.8021316930163729 -1.105262211527655 2.7129729744710245
