# Otrzymana energia: -281.8488415514832
# (n = 42, β_min = 1.0, β_max = 100.0, p = 2.0, itmax = 100000, Wall = 0.0001)
# (wr = 0.0001, wθ = 0.05, wϕ = 0.05)
-2.8065420411162925 0.07204764243565395 1.1206039001699153
2.343810504623134 1.8638094959504499 0.2047935633217416
-1.6102439950236827 2.0683297308105715 -1.5550307902073124
-2.8289773838815093 1.0498306811177336 0.0494845207928848
-1.0771760033986482 -2.777895654639477 -0.48356212008114147
2.4756887907502882 1.57266639189824e-11 1.6840053751189872
-1.133636782667409 -1.9458497186863086 1.9983378593721715
-2.683398692198932 -1.2689918406571234 0.5043045500511536
-2.017187190454493 2.2176652524466576 -0.11793056641685466
1.3900280167468204 2.383983514828542 1.1974708993686405
1.697123615711988 1.2592015748577337 2.134888258991414
1.1747607589894512e-21 1.831400524115102e-44 2.9839835507686727
-1.98345964630359 0.5289917350756194 2.2242420405176455
2.2235712266211527 4.60796830841982e-5 -2.0725289241667166
0.8176318815323345 -1.1809871578320907 2.6208870035892575
0.02792116264740126 1.0108854144180384 -2.8446652675888298
-1.0855780412308997 1.7633578508911376 2.2077134943307106
-1.641227092865215 -1.9940817181761012 -1.599145895183784
-0.28519101855537426 2.242738515220065 -2.011812753894066
2.1280608211702243 -2.038123303645299 0.6664995780032223
-2.0544822461088605 0.7785192270626337 -2.0809933906531075
1.716444152827662 2.2571221027371227 -0.9504829265629788
1.325909739106209 -2.226637700965537 -1.5169432965558731
-1.0828767258391585 0.04817962080298639 -2.808536315411298
0.37424832087475657 -2.9543753070203365 -0.5705313096405505
-1.249293191756722 -0.651026734698913 2.6498666908333752
0.5107679532308191 2.81702893065137 -0.9589085082763651
1.038914145966325 6.235921763679047e-7 -2.8245158777485755
-1.7866450423702638 -2.3390547537912414 0.7445067484957062
0.20893174893307154 2.981870032025574 0.5043346021407588
-1.1245107644389931 2.603908099310716 1.0227106553708303
-0.8109599316200832 -1.3711804980961226 -2.578472204100434
0.9133011833795739 -2.7874720479062844 0.7529741353178899
2.9202913078030237 0.5952938123459739 0.41595461268492945
2.03226766237968 -1.2764445951668604 1.8439881969968686
0.21578688631223794 -2.3103836887037232 1.9304220596573938
2.883003430354741 7.305177987428871e-5 -0.8460286567701207
-2.6235138787877474 -1.156588297635117 -0.9284717262397456
2.5190536136439308 -1.523474797452657 -0.644790692161797
0.27908685017355367 1.3257796027964588 2.6874924204744177
-2.793630305859063 0.22321355118225517 -1.0897981956376035
0.655456773836503 -1.4476559772970592 -2.550074559729859
