# Otrzymana energia: -287.59537363840025
# (n = 43, β_min = 1.0, β_max = 100.0, p = 2.0, itmax = 100000, Wall = 0.0001)
# (wr = 0.0001, wθ = 0.05, wϕ = 0.05)
1.5369351026256655 0.5737265775241056 -2.5724141727317384
-2.3208606674189394 -1.136201644912441 -1.6265673096325501
1.99541563377002 2.1889562658854604 -0.650636086810254
-2.9575931457347897 -0.5991930840631744 -0.42367291585877526
-1.5821892454573923 1.3392669232260812 -2.205137713631722
2.2392326958347555 -0.5336538608165701 -1.974432622523852
-0.3768463985480312 -2.1823877184976337 2.08177715263096
-2.565638739194961 0.7206863529631146 1.4963673583489199
0.3223537050092561 -1.9167753633542959 -2.354332780563147
3.011365536962567 5.215156746757394e-7 0.35975321845207375
-0.3942293571166732 1.3357723013186655 2.64792240803279
0.2549833427927837 2.809356743970591 1.1352479727498046
2.611791295629557 -1.441719730840186 0.6713832344471968
-1.8044136909106987 -2.433761046981825 0.28035227651302136
-1.6153944417643042 1.701097418143214 1.9810538842494638
0.9698599275093435 -2.141808286792756 1.9500624295332138
-1.1618719324424327 2.629489823391199 1.0332567883908943
-0.2883204280480825 2.8716156097042655 -0.9705767835380329
1.9663581131025212 1.2817897794254436 2.0127239075129535
0.43067748118520544 0.000284121739415763 -3.057592071153037
-0.20878682561245146 2.126692954521143 -2.1971771553740873
-0.5705276011394244 -2.883965583698621 0.8076293434757958
1.496143753008778 3.4180783045281817e-11 2.652040994431906
-1.6695051790862858 -0.1423504291666293 -2.540161897464329
-2.59729294523779 -1.356693477526488 0.7806396865584471
-1.0347352618100958 -1.0209685748163424 2.6740307443059175
0.4898428802927279 -3.0119447667395223 -0.23467150781549648
-2.2597029068103147 -0.6080060141804026 1.96772505578865
-2.942012424825984 0.7902606368761018 0.03696291583215342
2.9018499599259107 0.00014416401331939223 -0.9690887849752954
-2.32939850987008 1.7056905381331022 -0.9442098398091794
-1.4976651610863108 2.641265414695762 -0.31940852659751323
-0.3344609004366451 -2.71334000828766 -1.3787769642245884
1.2806645335114866 1.8787504492107758 -2.0162682725212036
1.6600184191656864 -1.834452425495775 -1.7755945729078457
1.8640048304009202 -2.4067269759688115 -0.36400941150181365
-0.5228682534100277 -0.8812513202442552 -2.887241134869442
-1.6589789745871415 -2.2777041653101584 -1.133009184704399
1.9433890992607599 -1.2264090307044833 2.0122422644366065
1.387773418273528e-13 4.83937556384159e-33 2.978855326535734
0.8358944638472349 2.915375538893597 -0.12806995507474597
0.7573113021892509 2.0148342064827327 2.1726015387000244
2.643983685861335 1.4317110292419821 0.6422152007043278
