# Otrzymana energia: -294.11002830354806
# (n = 44, β_min = 1.0, β_max = 100.0, p = 2.0, itmax = 100000, Wall = 0.0001)
# (wr = 0.0001, wθ = 0.05, wϕ = 0.05)
-2.2923658855100637 0.16600840438492667 2.0785165105101675
0.6815075063666647 -1.3777847391205453 -2.6757031487426475
-3.0045407136499875 -0.7601537928513652 0.15649672884670437
1.9128306722322472 -1.1040272592545504 -2.145811983116093
1.8593100154091955 1.2275522753564834 -2.129979993565468
-2.6218364683183015 0.9275323718885289 -1.3807122447728915
-2.5872278282345804 1.6748271657924338 -0.1621111048393735
-2.803844222942315 -0.49469872169483525 -1.2076451664559738
0.9664249895831605 -2.922099732164045 -0.3796696828316234
-0.6344538140933589 -1.4356450384010069 2.7023851861945336
1.5242841796014683 2.2117209868013314 1.4909205309235831
2.5231372862785806 1.3196957622019336 1.2307559463344764
-0.4728855854757479 2.8287532011545395 -1.2138270465413692
-1.206476767749351 0.8283542987976873 2.7369169236377977
-1.3138827931093633 -0.29573832034453945 -2.775571652519013
1.3904316596422326 -2.232643861987629 1.650341017930301
0.06534420318418276 -2.436667496258925 1.8838327895162919
-2.9228781408432742 0.5421047864560717 0.8102363693435027
0.8746326144772777 2.8946290417424825 -0.6673132622920112
2.0565095154687882 -2.2701465024885783 0.43792040125923315
0.24337794468931823 -2.5404520313258274 -1.75200434870283
0.6088249492906671 1.2440043151252158 -2.74752243326114
-2.346612506232458 -1.848268601234301 0.7739588355100855
-1.9505401121087687 -1.2313148292727432 2.058824195228722
0.6888929219350758 2.945080319156937 0.7080087465812526
-0.5828724276830599 1.9645991424126326 -2.3182680812837853
3.037781736670592 1.6292734497818096e-5 -0.45239414217704577
-1.9581076775352872 -1.3287618459477983 -1.9861089206426652
-0.6723513159512748 2.037806699015656 2.207431464776632
-0.6950908044352732 2.8313697877201154 1.0120449975602073
3.1186006390572485e-19 2.487309378840809e-36 2.917444306797521
0.6506016741362636 1.8273007517610367 2.4295108736021107
2.5646253615984778 9.35055991826598e-7 -1.7811038597621418
-1.6721769826869008 1.038310653996605 -2.385866369758726
-0.2187390366638919 -3.0335206824940113 0.5719995147092976
1.440906210974569 7.814971285620862e-10 2.71196921982285
-1.5334873653028194 2.6490441057386374 -0.181824525625816
2.8562256156962147 -0.9961104343374466 0.6945209170009825
2.533140889431002 1.1345454325438944e-6 1.782279910037457
-1.5292056997336758 -2.6875866949986875 -0.05374150689415473
2.045350743643244 2.1159060332453206 -1.0298862338661638
2.825854580714014 1.355232608579201 -0.12410000967161706
-1.1743529709270868 -2.44706962615978 -1.4645145374690973
0.08570548289650248 5.0556330638651266e-9 -3.090426222786358
