# Otrzymana energia: -300.2750836080657
# (n = 45, β_min = 1.0, β_max = 100.0, p = 2.0, itmax = 100000, Wall = 0.0001)
# (wr = 0.0001, wθ = 0.05, wϕ = 0.05)
-1.7804054080490879 -2.0933695924551916 -1.5218275690519085
2.9907680553536697 5.100235271708516e-6 0.9248550996349592
0.5409127119008857 2.281568778238098 2.065173626494056
-3.0222484770381013 0.6709619521033611 0.17725429855579625
-2.9535981019913127 -0.21959622694636982 -0.9862331812481173
-0.40074874330996885 -3.0891792211256353 -0.004233353397519171
-2.824437286418299 -0.3965255598382164 1.1977074982058349
3.0908092849677242 2.524662657564818e-6 -0.4422275019408096
-1.611376575915917 2.363009405814554 -1.2611898311505216
0.690613947585683 2.0615021358018613 -2.250737195437553
1.9633272334057918 2.4296372899728995 0.0121172981872354
-1.273424655169312 -2.6428288387670156 1.0856947992512886
-2.2222584453095786 0.1470833994457668 -2.178904951870816
-1.611726246871435 1.3604587756731557 -2.294497269359771
1.8769347674326275 -1.3873456725754085 -2.081750745424903
1.7051852400020036 7.333847683169268e-5 -2.6069019561498297
2.4611449305129564e-19 4.8442073419148906e-40 3.070572569075571
-1.1377200904912639 -0.7851884521661195 2.827697374362868
2.6366570016751196 1.3774930534536938 -0.8356915314867205
-1.5858412873737233 1.4544029780239716 2.2259959450445517
1.7554090210747175 2.1751205552594564 1.3670946463647249
-0.5026411211176672 -2.7386377578643493 -1.398326865261712
-0.236377447241967 -1.1929005718819778 -2.8979988336658655
-1.532502194216388 -1.0437801956700907 -2.481015851561123
-2.107252345135911 0.10404701375046123 2.3325090528843573
-0.2885505942759959 1.3685539660143402 2.789442984407014
-2.4247966110324803 -1.801825650438734 0.7561741957515145
0.7229342396441677 -2.155995731571751 2.190859539044626
-2.6349349294652367 -1.5311279318500974 -0.6095677058772153
-0.17539956735088966 2.8149861522473594 -1.3698156740497172
0.9784470311631291 -2.9587664358764507 -0.023818297793912833
0.648745024527382 3.0472342167442736 -0.1862836363444809
0.578771805001427 -2.1219812490133707 -2.211899694642533
-0.19719900183643357 2.9309467284801576 1.0142663686178326
2.161613582919494 -2.266157857931322 0.11986345668846116
-2.3826862379601272 2.0356099782829142 0.006518075932502
1.3486385734110875 1.2598572351301247e-11 2.86199504817664
2.3977732627861092 2.5535080918730373e-6 2.076781847927351
1.9076530351502572 1.311344016917042 -2.090406646579339
0.40151214899392984 2.0692860548975064e-5 -3.107591440695151
1.8632638257579455 -2.0254454758884513 1.5133923784563597
2.6699278149541543 -1.3472390554580134 -0.8720140499272605
-1.5681909839209682 2.4594144498968493 1.1660547585255858
-0.2678640979761959 1.2222124239029966 -2.840210382280835
-0.6245190692777169 -2.0332219199463872 2.2574064601789656
