# Otrzymana energia: -314.1575666535752
# (n = 46, β_min = 1.0, β_max = 100.0, p = 2.0, itmax = 100000, Wall = 0.0001)
# (wr = 0.0001, wθ = 0.05, wϕ = 0.05)
0.8837987108317759 -2.0967539998947164 -2.17448439542115
1.4505194136706747 2.5779411313035485 1.1564274169239934
-0.3265578526308283 -3.1339608335137465 0.2827542559294932
2.734108081983939 -1.3930763319303576 -0.7279649576155195
-1.0455788161364756 1.1643411284150234 -2.7419214169277444
-0.526442366252325 -0.18573607237420994 -3.058578640634474
0.15725552976911955 1.9494812304011515 -2.465952664721855
-0.033172394502470365 2.8104362557362736 -1.4050533555669238
1.9540183448806228 3.4667465269910434e-5 -2.4800741856817403
-2.4387605777265042 -1.0778798848975129 -1.6991881855374449
-0.5029415370509772 -2.3070310906087084 -2.0803917123820526
-2.0254995469989905 1.486596729732017 1.8987979435802778
2.7327368487315584 -1.3588641789177949 0.7563612713171556
-1.3118035055905257 -1.2788757669952546 -2.5616635639801326
2.326847151216079 2.1017660303801917 0.08543048807690252
-1.1997167024963344 -2.6303661768303526 1.2687368283733536
-1.180660636009927 -0.68405939953416 2.8292551203665512
1.4948752436284305 1.460698676025628 -2.3572834305085233
1.2257294770423945 -0.6287622044775976 2.882225206304714
-2.371878932315679 -1.9555743466406297 0.7240609705135862
-2.612598411504044 1.618783553830123 0.6025411817659475
-2.8768156730911567 -0.6600295120461313 1.1628440916789613
2.021022550479106 2.0907679808819144 -1.2814489043581123
1.7509689171055074 -2.3187072401491835 1.2535801206905632
-0.7992037154801731 3.015923066427826 -0.25647339334613256
-2.2323008081972167 -2.106569531828616 -0.6949217488386258
-2.876938588038997 0.19793775176219236 -1.2669053074137664
1.4306525067144822 1.6293253781560724 2.2938835818588426
-0.6050568553076274 -1.9645872187251348 2.3852309007378802
1.7097364654418912 -2.4244734643848362 -1.0911939759885885
-1.030840520881221 -2.844240223366913 -0.9197560226028558
-2.1808114307521453 1.4207223431785363 -1.765869198147286
3.006181223677763 0.8077939372800635 -0.038026130696627976
1.088184502780582 -2.958367119486928 0.1504454133065067
2.928106602755438 1.243473119413825e-10 1.1679918444358743
-0.05404097877357943 2.950027668462997 1.0749819204175992
-2.069187286307799 2.324122317708031 -0.5680368216583553
0.14746523025835928 1.4040243457772945 2.827320678216552
-2.229130325907323 0.06828585953760656 2.243281239567732
-0.7917371551294619 2.19770207114626 2.1174617173705452
2.0542732700695487 0.36069310915545755 2.261827046330104
-3.1347714811457417 0.3399157547145418 0.15177383145437326
0.8691645317283679 -0.8229690706235072 -2.9220896191642405
1.2900596749564267e-19 6.379014664216027e-39 3.1848777682411966
0.8610605021034304 -1.9361996227747669 2.346769321132644
2.8823053791014086 0.00043703965625093333 -1.271835161087291
