# Otrzymana energia: -315.679707776127
# (n = 47, β_min = 1.0, β_max = 100.0, p = 2.0, itmax = 100000, Wall = 0.0001)
# (wr = 0.0001, wθ = 0.05, wϕ = 0.05)
2.1541773306633627 -1.208460498281391 -2.0190225520249174
0.5424177020113023 2.949390026181439 1.1418593073501806
2.52103306773907 -1.4425718657740694 1.351400824346397
1.4928161099606296 2.835328046005818 0.18448663679442256
1.9260440194040283 1.3898200263472886 -2.126120215030428
-1.7080840224503593 -2.4148306870609937 1.213431500256644
-2.2238419692725104 -1.9656347374851015 -1.148513958489444
-0.4017460411077574 2.896516323078708 -1.3089584962673504
-1.5586036434279378 1.9028442380274708 2.0460240831897147
0.6935535773288238 2.267837580351951 -2.1547877419091734
-1.4594566022059337 1.241435932826883 -2.5909747277282964
-3.1116471034757054 0.38463354792441856 -0.6480759388201235
5.852118046876737e-23 2.1144277880511727e-41 3.122279191605589
2.8250227000786436 1.1050071984224696 -0.9969901464641607
-0.3695550046472206 -2.946465010940999 1.2460843488466538
-1.0090409516116534 -2.7623907478975926 -1.2967687914364001
1.1701839860235026 -2.26024430474391 -1.9572875880227432
-1.834542583725883 -0.17743982787672427 -2.6594633472642464
-1.838286235765038 -1.4234910633729667 2.2150808764828813
-2.6772387270649194 -0.4130693831499794 1.690767508143304
3.161376605676686 4.49486180905766e-6 -0.15331745871966115
-0.10503236660823587 1.3206111004164995 -2.9350671290991235
1.4115067220638362 3.371708410480456e-11 2.8671695054798882
2.437479817972024 2.006021284248903 -0.08434294103699201
-1.8240875170293431 2.5136028293871155 0.6523150094747048
1.580312795756253 -1.3790507975630817 2.4111892452892754
2.873270239385002 -1.2313343950817832 -0.7823995179510091
1.7148881829048832 3.166985872415427e-5 -2.6740561984507236
-0.60453880968476 -1.2180770519166748 2.8803561200382872
0.9403644067583644 2.0123934137825215 2.2395775819879264
-0.5492115455111498 3.174996002231617 0.14363645129971517
0.3744523293711146 0.012062155583089039 -3.1356734776698194
-2.56768429576272 1.7984084129791922 -0.5134446633662486
-2.6924121714392264 -0.6227409380854296 -1.6425021444716186
-0.34572562559325365 1.4620883103183522 2.831640126702429
-3.105348515047088 -0.6326477927852145 0.3886234219244272
0.33842300633573014 -2.170733315315617 2.319921932026354
1.2537046752716445 -2.894359879043264 -0.6584197277585268
2.1014515406355336 0.9783196824778679 2.1698657716607856
2.8834380028644504 1.1885555595079494e-7 1.3023252853821283
-0.07631890060334157 -3.177023756867632 -0.17002124066592317
-2.553645803338378 -1.925377987668534 0.2327690909320613
-0.677812637157069 -0.9159327357125949 -3.0017280510698936
-0.21842414725913636 -2.1354417119196802 -2.3583009743419994
-2.3921921595429803 0.859269647568002 1.9055353377337214
-1.6672966527322082 2.2424295410653827 -1.616118158810691
2.3298853255980365 -2.1977258904592167 0.10800899660858511
