# Otrzymana energia: -325.64720426369814
# (n = 48, β_min = 1.0, β_max = 100.0, p = 2.0, itmax = 100000, Wall = 0.0001)
# (wr = 0.0001, wθ = 0.05, wϕ = 0.05)
0.23505804007907852 2.0997172990150177 2.348958453522941
-1.950791665335201 2.17195169920776 1.291961774435503
2.821586009387622 0.0003092830783552012 1.5633338842363285
1.375738088991018 -1.8850301834018626 -2.201046834070051
-0.08567172183496594 3.198273178145197 0.10937469230514911
-0.6498562568790562 2.7941420951040876 1.383182406358633
-0.20013198883350344 -2.69561118427346 1.7445258556313905
-0.711472378983784 -0.6928287737842543 -3.052770321983209
-2.5530399780217294 -0.40182828598362247 -1.8851826229245023
1.280269019416133 0.3839038097307965 -2.9039836009493207
0.6758659508341647 -0.8965325379021748 -2.9973536266023006
1.9583639029338638 1.5296330739547486e-6 2.5417468975210067
0.41865863426920663 -2.7620877642468087 -1.5477249475049313
2.843921077523668 -1.4448346182619858 -0.13045711560872025
-2.730882782669497 -0.012470187601622627 1.6718242620725152
-2.1109019816895236 1.0138975417237555 -2.1853097097290743
-3.1630915312705707 0.4127025544251212 0.35817745035086257
1.3202532673230785 2.9008865137811943 0.10697409620466623
-1.0265875518021559 -2.547600054940209 -1.621300043763377
-0.4390336585749006 -3.169043360633179 0.4393021078379133
2.5109548043549936 1.4592151644373057 -1.323742614717325
2.5352609394327312 -1.1633957910947317 -1.6027157709600894
0.3845345708699548 2.5117588470372425 -1.999555236601443
2.146193186538658 2.1371112476880283 1.02538174215696
2.896563463813045 1.3250268271013677 0.025034866893822623
0.8555376744493722 -3.104009526569015 -0.17550007651494295
-0.7530768219648678 2.9151260811339936 -1.148125337095677
0.31547718702387256 1.3771972974166988 -2.8711606438174315
-2.6027727251504116 -1.8854960274328796 0.1369040988065595
2.414162888029753 0.2495537531685003 -2.06964984928245
-0.9494229280657952 0.7379561187135077 -2.9911085871404404
1.0714061518533684 -1.02069320244392 2.8536116778587455
-1.057576302055132 -0.8298298160833388 2.946852285296065
1.6054665774589059 2.509943963252489 -1.2230851826041542
-3.060017880617797 -0.6666651173389542 -0.5690426230783714
-1.6262923413653305 -1.4576703387603573 -2.351965727330437
-1.5699008668899714 -2.774369824897102 -0.3184241581471685
-2.6274853175582624 1.7744697975487256 0.05726383587012062
-2.414008575389136 -1.4455285821863348 1.5235403763612259
3.1742009023623257 7.826668854895735e-7 0.2934916311064695
1.6154553127336033 1.5275044773384652 2.2825916257569543
-2.0137150829024244 1.1392316767770085 2.333782281012565
-2.0529169456435747 2.1658461665437327 -1.2443654337511103
-0.6798476909023349 1.1914682837944728 2.9149333726813342
0.0010460791666737181 4.714541681447833e-15 3.282295303600849
1.9496798275736509 -2.4484096028110964 0.6372898861965594
1.138800405018114 -2.243543840563838 1.976853425753079
-1.3070415997484381 -1.918588717618489 2.2120485115345656
