# Otrzymana energia: -330.3161355194182
# (n = 49, β_min = 1.0, β_max = 100.0, p = 2.0, itmax = 100000, Wall = 0.0001)
# (wr = 0.0001, wθ = 0.05, wϕ = 0.05)
-1.3358822732580309 2.652457365805496 -1.3600919209948368
-3.0641804355408855 0.7606956849722608 -0.8252553571992602
-0.37368173481266154 -1.0311742962760906 3.074420812856409
0.023896478095015782 -2.375772480192617 -2.2267356123349287
2.340577084587758 1.530328257850235 -1.699044690398474
-0.11197809827182371 2.4492021163037254 -2.1766241585664985
-2.2729584100479086 1.5818595500027175 -1.6937237106167353
1.4395571924157233 2.927675880840864 -0.05556661854665083
-0.3056687380723417 1.5857644912093833 2.829613967710082
-3.126709560892426 -0.6712684882920928 -0.6303712307714536
1.6929643816371327 -1.3769591359589393 2.4142374139067626
2.0987949321238717 -2.469027141694011 0.33201549345856085
-1.4928371228231458 -2.7606694780779315 0.9203474377320014
-1.6245739221819786 1.7287752430976262 2.2544121785505
-0.07849430636642672 -2.9109644930908667 1.4383108467435537
0.2612805618440809 2.55999715471076 1.971477248541048
-1.1312867910334798 3.048513206340633 0.05747740379326759
2.9296013809788928 1.4082678236254846 -0.4362374046319541
-0.5718431132039548 -1.25905537261878 -2.937056544716267
2.416373054342815 1.031182023539108 1.915306283103022
-1.9648343887686375 2.360801081023341 0.9954374157943225
0.2661528824120982 3.148952275646794 0.6860495358493298
2.564544145350239 -1.5200837783600725 1.2676646498298623
-2.875458859903777 1.4361370317469593 0.4206150580413491
0.4433673586893619 -2.0589954642479715 2.504252914578888
0.7189059369552392 -3.158505179778458 0.24610731480823472
3.274427524472634 0.06264208820225355 -0.2011558208402249
1.3855171316702872 -2.184772877432467 -1.9798424165240502
-0.2864525154087547 -3.1229597912811817 -0.9107586480395918
-2.24635508692951 -1.7673464116199598 1.5512552172693692
2.3126231289435606 -2.0183459603101723 -1.0049791740596576
-1.8204817105750788 0.5900263397890811 -2.6413972603277927
2.925094637687987 -0.7881108347121702 -1.1759807285950352
-2.386903654155932 -1.7288871727341086 -1.3762967131865955
2.385811996959253 2.0680011140150194 0.769606934925822
-2.983799836286591 0.3406343421550641 1.2793104758895582
-0.5677656172389511 1.2738218841066633 -2.940018857107755
-3.029204598735226 -0.9249265434238407 0.7589357229359859
0.29452317503290815 0.3168980393121008 3.180543066745736
2.415132313976029 3.947681336916432e-5 -2.16506527363814
3.0929722613564814 5.565330752263901e-6 1.166309703895765
-1.9128632295947128 -0.8576282520934742 -2.498846558185829
-1.6873132981086856 -0.886650180529517 2.6135280269320376
1.2496452102837694 2.56667339498137 -1.5477118658694333
1.6814639779014384 1.531306408526266e-16 2.728000199136494
0.057927934713711056 3.6009992319019574e-8 -3.2654149082200243
-1.677583154356055 -2.739607635705043 -0.5799797785020835
-2.150131235465487 0.43003425741079254 2.3708217780778176
1.3648482779631257 0.000860984578523401 -2.9466196654076633
