# Otrzymana energia: -338.24851968908587
# (n = 50, β_min = 1.0, β_max = 100.0, p = 2.0, itmax = 100000, Wall = 0.0001)
# (wr = 0.0001, wθ = 0.05, wϕ = 0.05)
-1.0573389104940234 0.870928363271078 3.045467968547964
2.294338583403774 1.3740302448793338 -2.0153255024821024
0.030283153596961723 2.5531057815044084e-11 -3.253405062593567
1.3895760339395389 5.599661468286161e-11 3.0127695350520076
-0.9312037694016774 -1.873817736326051 -2.556169171164062
-0.9300142707094203 3.1689461696901384 0.2647308972145542
3.818939726869597e-15 5.31059385014493e-35 3.2624654426891944
0.28171440976457246 -2.993186126688138 1.3711589158122088
0.712008836652757 2.9928227888731094 -1.2492089567437556
2.974735514467326 -0.6466374146363234 -1.3062837476859617
-0.9384044026209508 2.104672307557162 2.3874353586170645
-2.1363408895927543 -2.105174658072088 1.434123264600866
1.1812863684221053 -0.923027677348124 -2.949183487719433
1.3423661098488333 2.9863849388489077 0.046751318145056044
-1.1637871751940867 -2.9784471571932745 0.8263413262658788
0.8828012735406295 -2.100788910236535 2.397784116399732
0.4900342975912507 2.4042872267469413 2.2551151980651514
2.1253705148833073 -1.0354482835129888 2.3256375417899338
-2.7376650585370697 -1.066637429405539 -1.5286346660204382
-0.6878233913574252 3.01264278249391 -1.1648447495084124
0.9084048534986694 -3.191051765908079 0.055048489599476245
3.291991381644009 1.955420254328362e-7 -0.09360419381726813
-1.2155786153746417 2.1692454352570003 -2.2371729679346557
-2.0312100854851196 -0.05473388372077885 2.5783963865149597
-1.5945083349379954 -1.3882269966879954 2.5669432981220153
-0.2655486391663911 -1.3910612766668258 2.975782133564603
2.9773382964204957 7.228202306906236e-9 1.4144335632151628
0.31723233775416976 3.1295016680360708 1.0266905326635134
-2.833123822397482 1.535506389764493 0.76743178416324
-3.2511434494165967 -0.37310342284221765 -0.4385798958333721
-1.8865392428895449 -2.215966146918154 -1.5704793156620596
-3.028677648187438 -1.025667603212138 0.8792379710144321
-2.362291443316113 1.3445256526600053 -1.9266928269992598
2.559890924715666 1.4085577610532656 1.5308893181829002
1.5816989160483608 1.4079857752414568 2.5758982997728794
0.2210348779397642 -3.061261477887796 -1.227450358608281
-1.1166927587499669 -3.0333366219486964 -0.6582841865611468
-2.289160003866463 0.0034431439375444597 -2.3827363574833176
-3.086192953636373 1.056827563015049 -0.5699176690986505
-1.8352923489433632 2.4774462238294284 1.2315180536326955
-0.028123970284586474 1.4753386419635737 -2.9550888879838753
2.5389615264105045 -1.86089265064729 -0.9984927487284143
-1.1994007392729524 -0.6214047226354452 -3.0177428388630116
1.128129166666498 2.1074410819264986 -2.288431380235605
2.4765231860357133 2.1738549292974385 0.33438780747176133
2.9512292997507417 1.337823557445375 -0.6944718519548706
0.46700375594033394 -2.192952778741029 -2.4651378953789895
2.0976630256424427 -2.553533420632368 -0.01951121638175979
-2.9040595776307714 0.30338510326266377 1.5197955752812522
2.2607284780563863 1.654630787787305e-7 -2.3804009145753717
