# Otrzymana energia: -345.6133713764987
# (n = 51, β_min = 1.0, β_max = 100.0, p = 2.0, itmax = 100000, Wall = 0.0001)
# (wr = 0.0001, wθ = 0.05, wϕ = 0.05)
-1.6723363799217879 -2.8040276281122054 0.6634788317783528
2.0705161330891095 1.992137670264409 -1.6389086965471928
3.3389818885825533 0.0018931580531811995 -0.24652803704245574
2.1227462116212448 -2.590548615381488 0.03131436705050155
-1.2747393886716847 1.8666006639264163 2.469910884342249
2.5737782677376266 0.6480770685039656 -2.0285285749535515
1.1375048454896313 -2.2867182254490386 -2.128300778780382
1.886688408563349 -1.3499446392603112 2.371968270606245
0.2218140247957163 -3.0488240788693206 -1.2957016874554335
-3.060278890434334 0.49288575596611633 1.2333009695763928
2.066968622435102 4.2890129130046965e-7 2.674511075483385
0.5651577696639271 -1.3566940000494576 2.9692716190656454
-0.05251638429929858 1.3311278672542952 -3.056832569731094
-1.4387809232185762 0.993113439162379 -2.8280551832422933
2.7376418861612186 0.7822269068198476 1.7407876806280855
0.25679307512782124 -1.4410418596425474 -2.9745458007219536
-3.0209117742248486 -1.314547848169806 -0.5689381997803192
2.3214192195245125 -1.9905541091419159 -1.326708414756585
5.620422102566015e-18 4.241895634465948e-34 3.2032193977865093
-1.4145541636595225 -0.2694720743134144 2.9939410564944304
0.08495939245860938 1.4790397251507073 2.91825263840565
-2.0578665139319745 1.8375608075025258 -1.879144040039917
2.0583773851448144 2.5767526879945395 -0.19797842397852605
2.951915993083944 -0.6201410634894968 -1.395081517636051
-1.1300528120129485 -1.5987742353568815 -2.6942333166437376
-1.5279733142734766 -1.553145778207867 2.518915516120565
3.156861294539565 -0.3484220144977488 1.0056899311062955
-2.915735986219048 -0.3014925529062009 -1.5715822817514418
0.7453105838965515 3.23785097134876 -0.04286303902459667
-3.1210016452394433 -0.8763579095414089 0.8238532025737818
-0.02749959543037481 3.070246264741211 -1.2470508848749893
-1.9400823571050405 -0.3888504657535549 -2.6675176292250646
-0.3274509548545077 -2.325212881122876 2.356886071718731
-1.395734217174174 2.828023433577354 -1.0762360916151832
-2.0636385004645263 2.6271573499627032 0.2429890985312984
-2.9536087845332197 1.0544204938064765 -1.1013819077987144
1.7100606645166443 0.00017839559721069586 -2.848788504403617
0.7151256405792752 -3.259961903983692 0.08750654336657829
0.735399702977691 2.3035908943374928 -2.2620637493811886
0.15307500077572783 3.1070284046568735 1.2054735084332382
-2.1222315071866475 -2.4703296311403076 -0.6558396919203816
-1.1479342574864482 -2.6644605725242205 -1.6545767888652363
2.252717619032966 2.1170019885368507 1.2248976915915417
-2.3692035928553428 -1.8897237374444642 1.4370864077568333
-1.2273021182646924 2.7677044750696624 1.368426016823166
0.4539957670092186 3.0795912381673596e-7 -3.2558058612056318
-2.983907130231334 1.5006370861103298 0.22544600587848682
2.591311454389217 -1.728208026185908 1.1538362582202926
1.0084468320528337 2.372704662000009 2.0654982542260343
-2.2087649900159554 0.7595171023150017 2.393888371409338
-0.36243010965862826 -3.113750081437612 1.1169671171862385
