# Otrzymana energia: -356.22906585040147
# (n = 52, β_min = 1.0, β_max = 100.0, p = 2.0, itmax = 100000, Wall = 0.0001)
# (wr = 0.0001, wθ = 0.05, wϕ = 0.05)
-1.0835366673040416 1.2347677719214563 2.8887747741473593
-2.467606805747203 -2.1637167325375644 0.6617888197555282
-1.437541364673106 -1.4726679873377921 -2.5898075773408094
-0.9069242158892937 2.4609933247104343 2.006180458177333
-2.5686877429310835 0.5900347036230783 -2.015291269614243
-0.8820035913400528 -3.1366396503446183 -0.599753175100604
2.353571085369784 -0.18105373486084456 2.2989372107809825
1.1588875138706676 -2.2445240537320346 2.1504654553904663
1.3251954179794094 0.572265430481661 2.990250519307371
2.9889730469929563 -1.4104654052814483 0.41584880084245557
-2.977103914522942 -0.9957255709388939 1.086450682574173
-1.3365921523672604 2.9791661608152933 0.5905292206305155
1.4210401707448832 2.183170806745551 -2.085529215866489
3.842918365671935e-26 3.0624750567339744e-41 3.3053595413431873
2.190184683425466 -1.3868854291709316 -2.0680290407972133
2.4552096210985215 2.027892898104867 -1.0708044403628039
-0.6421769944519391 0.8498983067251715 -3.186158030295777
-2.2383662989544235 1.9073820793249991 -1.5398179705947446
-2.4853651237068846 -1.5155662696773056 -1.586503567379925
0.15086984546708587 2.8133416789273897 -1.7600254126400283
-2.3341790574207146 -0.6503955685240088 2.2853559251422326
-1.6627915603263201 -0.09046857168959341 -2.854476509663597
0.20191292633703706 -3.0129412638382456 -1.402493018476277
-3.097507478709427 -0.3186027488325793 -1.1383146418309347
-1.3446023795943434 -1.6522757243256034 2.5346017019903075
0.4699014813964438 2.733967542702342 1.8262597356027772
2.4104559592154176 1.905844627123329 1.3153300954645397
2.3735261267269805 -1.483517193505295 1.7683072535529445
2.0842129352915006 2.5790460834653164 0.17742868576747767
-1.4573030696031748 -2.572381117685808 1.5045907058530603
3.0069912755049137 0.6500879850557651 1.3557529574098381
0.8653616488330491 -3.0524053281251766 0.9448228613822022
1.3411267007028675 -3.0031736391127994 -0.4430289370423266
-2.442940957211735 2.2374873696828717 -0.09562263087196084
-2.3386119339359217 0.7978155366941128 2.1653848353593634
0.6173488281626396 1.3851939747405632e-9 -3.261593874399959
3.33349344772183 3.700942598981889e-7 0.16691689827018047
-2.1308815073092187 -2.4534885404041544 -0.6047627127788148
-0.4952879091769719 -3.1961251487754816 0.734185788206601
2.5786035563223217 0.00014847309688043037 -2.11565375931152
-3.320525222920697 -0.00928914024696234 0.19147214367801607
0.8499134625909389 3.153591818104575 0.5521320709659143
-0.1341475053682404 -2.132748644122379 -2.5335586954503797
1.6761648959184132 0.8826577415180744 -2.7553277165230257
1.4278012560187026 1.8921593568692 2.3485005235413143
2.4138080132822055 -2.1100250712563087 -0.7905175286012558
0.04485923372375622 -1.4750712167116378 2.9581138897256922
-3.005767786195686 1.2290114097739957 0.8615754455881897
-0.9895970551195848 2.0933831897855173 -2.3515828116505046
3.1103555945844934 0.7466084635449313 -1.0203083097688772
0.9849064091180457 -1.3156809566928516 -2.8916488049296456
-0.21817805345694424 3.2852744981651867 -0.3817805287750327
