# Otrzymana energia: -361.1855332510541
# (n = 53, β_min = 1.0, β_max = 100.0, p = 2.0, itmax = 100000, Wall = 0.0001)
# (wr = 0.0001, wθ = 0.05, wϕ = 0.05)
-0.5128978020539949 3.3344814178098416 -0.18222851120114453
1.609490327574667 1.5616696286733667 2.493578058881961
-2.8132057303782103 -1.4705445745053787 -1.1871927410285796
-2.4574918693016325 2.079280579495834 -1.047924763288071
0.31710893533423307 -1.0767616129585365 -3.1918321385907165
-1.6537731861955247 0.39782730477339245 -2.9208513818529203
-1.1451627335287868 -0.97545638425319 -3.0305746607263746
0.800262163019706 -2.416653614353895 2.2438745476357487
1.909824914176786 0.7196060318543552 -2.72678808225215
-3.0225030946517752 -0.30548958102794915 1.4802476450590907
1.4178001250483467 3.4249875163432925e-13 3.0172771343849383
-1.2525360565548738 -0.7336576530996249 3.0400113424581803
-1.394244024504002 -3.081692427586813 -0.2567158623556926
0.9997450965339049 -3.2249095103939536 -0.16532109505281242
2.7084506094144007 1.30121313885052 1.5838105253265782
3.354094384463714 -0.4523921797574563 0.14427928624974765
-2.7353448772524174 1.9289263431843007 0.3473384923904088
-0.2678971066497826 -3.32514930370889 0.5695151362564093
-0.4609027304263108 1.1864273836086192 -3.1153033504809238
-0.5289585871091491 1.2731017917374359 3.1320535752152843
2.3393246199212916 -0.8795290722909046 2.2810242878938336
3.070850933323727 0.00011042521583667331 1.4703147993451324
3.260383778648049 0.721451236387291 -0.7112430812144389
-3.3063681267960794 0.5525215139012615 0.381547683187563
-0.5400763904655167 3.1145872848039047 1.2148899220897966
0.6919865028051537 0.3286653850641349 -3.300658230559244
-0.43518497372322174 -2.7901464092127766 1.90939388667738
1.7137870752225153 2.8690643401200635 0.5020875409635829
1.7624516284109664 1.9199248221421845 -2.1816794897045355
0.8351786991744417 3.2632492383633247 -0.5407929026247692
2.806254818642648 1.830658994939334 0.2630932756374508
4.043261051350917e-22 8.571319539299934e-46 3.3958505600777613
-2.644222754542405 -1.6474711338194667 1.326632969117565
-2.2059907651961037 0.18347996949700915 2.5432018804478127
-1.839048222491845 2.4436209673554736 1.4745214840530352
-0.8684967945337884 -2.8679263420018177 -1.5850189660695193
-1.3079102783469945 2.873999981956821 -1.3068297055994818
2.9210185357493095 -1.6610090635688215 -0.4582854110345468
-2.631686646870591 0.8919389408400978 -1.9026694584266006
0.9195332629028938 2.76183264631617 1.766122850451163
1.9904054008923713 -2.1214855515804185 1.7196769646110217
1.283805889053722 -1.9860073753972507 -2.447078317580883
-2.5376618823436408 -2.2650019135023705 0.026591968416792382
2.4862283343089837 -1.4159477037352346 -1.8287626065357285
-1.5530291376393133 -1.9684238508216252 2.3095228300548176
-3.2242599340051976 -0.08389376611406217 -0.9791960342557761
2.8240708890796955 0.00031475845331825495 -1.8956690170414554
-0.4634041511748834 2.38825123720036 -2.368935409814158
0.572905952615218 -2.9437085498612414 -1.5850910106754086
-1.6929531029169882 1.4711327566903074 2.4966134232307744
0.8062780184202081 2.7513022151497846 -1.8177678771032284
-1.800634640139756 -1.9108107284736089 -2.1495929655894974
2.1697284734842763 -2.5818872402734345 0.3931057468382322
