# Otrzymana energia: -365.99819211002847
# (n = 54, β_min = 1.0, β_max = 100.0, p = 2.0, itmax = 100000, Wall = 0.0001)
# (wr = 0.0001, wθ = 0.05, wϕ = 0.05)
0.3668671752413822 -3.079030356635587 -1.4276674030396277
-0.8992420362591166 -3.25606297739876 -0.6218268954756567
-3.3387357682555945 -0.27741252597698635 -0.6784240051725716
2.368738385890871 1.36839305138346 2.050430385943304
-3.3260564777160373 0.6144584554538899 0.4873419069132488
-0.10786441284166719 3.4039649608957507 0.3382574539158472
1.137317186837005 0.9608760913020037 -3.0352002818158534
8.334653834948917e-21 2.084298788275595e-41 3.5101157991025254
-2.083366924533073 -0.32230941710858074 -2.6732232859206735
-2.8221626193138083 -1.707580293395428 0.9092735147699202
-1.7810911701643 1.1436369235777963 2.6893849422801717
-1.5554842692454072 -1.4103354208267065 2.7089192725429947
-0.4008484195071003 1.2642589370820654 3.123830246107728
1.567447831493996 2.520455819873698 1.6932187683929678
3.3358385527038052 1.4846372324868812e-5 0.5804255033366069
2.515961546687425 -1.9537999916451303 -1.2382790714242338
1.5858765745431878 -2.965272304276714 0.6558831152194895
-0.33909684117707006 -1.375625789975574 -3.1109676788162917
-0.3142850884132999 2.745491568496294 -2.0355102017943114
1.9000543796295535 -1.423496658480794 -2.479368496401351
2.16145561622248 -1.28672867780763 2.33465952922363
0.08931519850824482 2.2745197072461746e-9 -3.4032134678027264
-1.2847969763344942 1.8672710934761614 -2.550434268585335
-2.9073095345899915 0.38805518155577845 -1.7652599305384964
-2.213878500127215 2.516973680775739 -0.6212089884183419
0.4838526758334865 -3.0152117477917373 1.5438066584480148
3.0618957039557433 1.09256337127507e-5 -1.5571558340917875
-1.8173526252870407 -2.3798178803902443 1.6397203842644723
-2.7588325463345584 1.922258398482287 0.6078152483855029
-1.1539066863178757 0.6344720093901735 -3.1606723411803217
-1.623976857140476 -1.6495080318832427 -2.518008108470532
-2.4243263565789626 1.6997617450403448 -1.7298745545341814
-1.9514711356243806 2.2169108200413787 1.7616732159562207
0.6615236487915644 -2.1847907511763096 -2.5214003629770922
-0.21305896299916358 -1.3007600613426318 3.155708693597353
1.9113021556813459 2.581625430777568 -1.0932516908078047
-0.7154484770634189 2.967464022598169 1.5778284166234422
3.194862734106752 1.2878035304188291 0.20547127996296827
1.0553228095948608 2.2844402605826297 -2.2971275578870944
2.8476277456289125 1.4554500682629046 -1.1155091114811773
-2.914337940181249 -1.6752685337010467 -0.5395755074284914
1.6139700795178642 -2.9437833670291176 -0.6904536821925535
3.2507800213752387 -0.9201783302575856 -0.5394776095447004
-1.9914851421286215 -2.4312598188385435 -1.3134453039542962
-3.090646022457536 -0.377373352590758 1.4380546547810702
-0.8239382896454069 -3.2014375994587536 0.8639793371820176
-0.9336696965997807 3.173972555446738 -0.7974408911977132
2.163659447481476 0.0017085156727149966 -2.668992406908393
2.749756792498056 4.9044959090577374e-9 1.9037016077269069
2.412825838063866 -2.1036391851201315 1.2307863399800705
-2.2928742568388905 -0.17545488418282437 2.551780872820096
0.2596649674772987 2.3693490415987757 2.4192038890628393
0.8558230626689246 -2.022715337986729 2.5950251609730333
1.3899861340471147 3.1212851174252125 0.265753419506667
