# Otrzymana energia: -375.1303937921364
# (n = 55, β_min = 1.0, β_max = 100.0, p = 2.0, itmax = 100000, Wall = 0.0001)
# (wr = 0.0001, wθ = 0.05, wϕ = 0.05)
-2.035787201398149 -0.5676147314924064 -2.7474257135707525
1.8338988305970565 0.0002693632787181745 -2.9558004387500647
3.199176828508441 1.3627050418290592 -0.412905404304088
-3.000919146373712 1.460647125350592 -0.9169926287506966
-0.9929257651275474 3.2849473521886194 -0.15126882314379148
-3.3716684114784083 0.1188014894373625 -0.7348784910368762
-1.52414131130784 2.1680706028018504 2.213364886570921
3.4660959600092025 0.0010769660406633747 -0.03469146763843976
3.2598933757193636 2.0414907729145835e-5 1.2713998740220052
-0.1766001611141826 2.32309021360334 2.5768183224939776
2.6033040026677345 1.5129856315142305 -1.7241671733683013
0.2077820165536177 -3.4343593083738453 0.5027313067529454
0.1139117720750299 2.4491647577134894 -2.447852229993638
0.5499570279299527 1.2849947795852579 3.190476109611955
-1.3456038329811302 -1.78438422279101 2.6352367229103586
0.017724660002494796 -2.277677908712183 2.6423069027991493
-2.8766092294298615 1.870143169272915 0.5025749780652283
-1.0560621753414954 2.8746789505552663 -1.6242618409686376
-0.2968871265195086 1.2349543360817905 -3.232191451500587
-2.7552609904867795 -1.9894169846804057 -0.6917812730218456
3.165999713413941 -1.0248648421068673 -0.948783625428173
0.7906036315154121 -2.92413532091065 1.6798516585454202
2.5684478944355797 2.1016517065597712e-13 2.4113473317363505
-3.06236160748095 0.826170195782715 1.4640765863750609
1.8696961608587461 1.2163687145450957 2.6200302957439168
2.806504218902095 0.0316639521057052 -2.0249487271724838
1.5323065766287531 2.504708871682847 -1.8424793009876421
-1.6722527707559147 0.8732410240421898 -2.909853886671848
2.0444139909346095 -1.3059381868518447 2.449131208648287
0.577217157692884 -2.931691452733335 -1.700429770247719
0.6871390578495655 2.9300821652458353 1.6531940318222054
1.540050350596118 3.0639554168935192 -0.5097336693975018
2.5004967135112848 2.356386626208944 0.32379833582775447
-1.2684845375858034 -3.178209293537954 0.46962986909293997
1.9838032826788687 2.2926176308235777 1.6436113672393389
-2.0200801768530146 -2.4110149268225807 1.4722205888818467
-2.9629608707157233 -1.6660126210474264 0.6884450338423532
0.7700576785038924 -1.179522084266008 3.130300671724735
-1.4170253868893488 -0.3327680218444856 3.1122803723100843
1.2746544295935631 -3.172913500801144 -0.4521032429467335
0.37476849521111555 3.3990532139948386 0.3250076242577044
-1.71403593996036 -2.8682937924663015 -0.8389283206011771
2.1275218355616903 -2.342519287967529 1.4191724147101092
-3.3744492653017173 -0.2861731669774029 0.6112997152883898
-1.847347386847333 2.771736891222029 0.8992136399398082
-2.1117652282206225 1.9135361513170754 -1.952178304113918
-1.101290192644601 -1.6560847490593493 -2.8289936438036394
-0.826722303951055 -2.766846123321337 -1.9057138706650798
-2.9308506636426674 -0.8967052831925646 -1.5935497050495453
1.730090819835562e-17 2.416095576295697e-32 3.4548125590147136
0.16054353448910844 -1.2034853972418578 -3.234821875711354
-2.167657482815695 0.8301871445477128 2.589813453260267
0.5658893709703435 0.08414083244559578 -3.406532783287729
1.0412365497469485 -2.0393311064710504 -2.6009820909599295
2.5411563583740016 -2.325124641472156 -0.08967531966665108
