# Otrzymana energia: -389.337070035978
# (n = 56, β_min = 1.0, β_max = 100.0, p = 2.0, itmax = 100000, Wall = 0.0001)
# (wr = 0.0001, wθ = 0.05, wϕ = 0.05)
0.6076538712139162 -2.0989557292016694 2.663818893559018
-0.39768116282371324 -1.2259848722911117 3.1973955537766625
-2.3268537763626984 1.3197232080332344 -2.1510137973311485
-0.6125103007118383 2.9553120930123304 1.725223088805492
-1.646488631770898 0.3220775711145952 -2.987174817694905
-0.1624164412903043 2.548830089973422 -2.330058357403875
-3.024640687159514 -1.4405024015075836 0.8543887842926541
-2.046127823126935 -2.152223987166105 1.7146776124623264
2.498015972912178 5.009809930367445e-5 -2.4033419458340934
0.4575380520779973 1.48105003415256 -3.08472494340865
2.9712866415174126 -1.5255847607273965 -0.8627805458709532
1.9386919336069144 2.7946793672628503 0.6706858553037638
0.2812317434723893 3.457805940305573e-20 3.378979320323576
-1.8705360465452365 2.2743037085326465 1.7926167840303104
-1.7447370028772977 -1.1490936433058474 2.702460119039057
0.406272951294864 -3.3833957196953572 -0.5680851340747162
-1.682468848670326 2.9922668169429034 -0.4070677706092915
2.1060792168250337 2.2537685862339294 -1.5612756870949362
-3.186515364229732 0.6929631111655232 -1.190446785554883
1.7216046299777619 2.2099249910574015 2.001801142890142
-3.213781817798856 0.018379371186652012 1.2323260715443207
0.8672257471775535 -2.80394066294767 -1.7941771028177822
0.36669793375147947 -0.9407105041506606 -3.318600657852831
2.7139869363711866 2.035034045040519 -0.2857564660302722
-1.9483777758849459 -2.642961616844768 -1.0368850830617948
1.6670138124855 3.0909809722563115e-8 3.0084003283584746
0.41243598329378073 2.2935366200050433 2.516841835295497
-0.32794728584373084 1.2451606154653803 3.1671685385295985
2.593167355622149 -2.2447970083572364 0.3981663094527923
-3.2821320228613478 1.0590966818378993 0.22629192822973968
-0.9703038012217432 -3.28277695149724 -0.21349489300876073
-2.4124771309460034 0.06658609525393969 2.4216697048123033
-0.2902949567810439 0.2986885479675946 -3.4444410992866317
1.8447247805296914 -1.346564069230808 2.5714514492853335
0.8640123923806087 2.9784890973891796 -1.4639988375713149
-0.5035001809555703 3.403796520831353 0.3740426199340479
-0.13336515066456153 -2.148561515674537 -2.6776088610829714
-2.182798017107309 -0.8966402357127525 -2.5136873109512314
-1.5033070428149826 2.514887951824303 -1.8100937717797752
2.071298981871976 -2.0397654253762303 -1.8703949949292304
-1.6951448704331833 1.220058878304145 2.7553923799555915
-2.5457547378956438 2.292025463304829 0.4992186507643795
1.371936547797567 -3.103898206241716 0.5371722970687619
-1.0737751317408795 -3.0798228850444658 1.2221288403440898
3.3483843168571106 0.7691949882349616 0.04529038805102109
2.4241038925619756 0.9471234760009224 2.2259485723472694
3.218555046745337 1.4661058418030386e-5 -1.1459894074871366
3.1677061047365633 5.471422077305587e-9 1.2694303044346877
0.8313232285941199 3.378086180202992 -0.11138514462957504
1.6680380350441883 -1.03020836572938 -2.816989085802399
2.778062818746841 -1.3698073151611296 1.515414406485713
-1.4757378806750177 -2.1270294476097193 -2.272550930675264
-2.958879542074566 -1.71300873153975 -0.530040425337109
-3.071606405933683 -0.6749193931645873 -1.4559695656374847
1.83638870387045 1.3331238891964399 -2.6080316597013775
0.3724218094535541 -3.032541451216526 1.6292006738540485
