# Otrzymana energia: -386.6002096321049
# (n = 57, β_min = 1.0, β_max = 100.0, p = 2.0, itmax = 100000, Wall = 0.0001)
# (wr = 0.0001, wθ = 0.05, wϕ = 0.05)
2.62775880400137 2.215147586523537 0.7258447791109325
-2.0838178902010376 -2.767723690165861 -0.7669546208938871
-1.9266992950056712 -0.8870221876770891 -2.8151692520955556
-0.5361473723981316 1.3262005951171987 3.2108469491550613
-1.9325602297636326 2.5707856693380315 1.4646221074873982
0.6015301201732262 2.138015356110744 2.765719388129132
1.380559923216037 7.392934501083246e-11 3.2627483840345755
0.00904599330795047 1.0316976518391427e-10 -3.483749046426651
-0.7842750201359125 -3.396365967425763 -0.7168595590764758
2.7222918255125577 -1.1041071225419299 -1.9756941631431137
3.5095960939856594 0.4635300232652226 0.14391442933049828
-3.3632085848141915 0.4926881300717421 -0.9776665371066606
0.47542885883872504 -2.1931094527276263 -2.7421404368610203
-2.52009361710954 -1.7637058352631885 -1.7365309410641416
-0.596722770438632 -2.8509407516420437 1.9732868922712403
-0.3487599696346369 3.503429340757524 -0.367140105355892
1.7215619054171043 -1.3768554305379659 2.7681552775145772
-1.9303786480320004 -1.0893689339568313 2.7467605013255985
-2.7046059445091006 1.3108503275674055 -1.8658178727333383
1.633601751670849 -1.3133509593546826 -2.847958736908077
-1.8688524626559748 1.5334438847959477 2.587577398254785
1.085341125509378 -3.3676271420172927 0.326272799266523
2.576116928760624 1.7512956592679296 -1.7556570518796664
2.9056650168733107 0.3085354043206755 -2.003797517836964
8.412431731597382e-17 6.540067817494686e-38 3.5092775086830303
-1.966765921817799 0.5765392687681659 -2.8915118036938443
-1.0535173726973968 2.994354648804103 -1.5317628258479312
-3.324665486508674 -1.121368928947011 0.46237303126048823
1.5787079208775032 3.1056653893769623 0.652782163451267
3.139492565587059 1.659937584861927 -0.45566881026692996
-0.10739749121361651 2.4661927212758634 -2.518898253310005
-0.7002033223259634 3.3164686000880423 1.0361993878390847
-3.327048799735186 0.0158335705907205 1.2763608772169783
-2.703031398984006 2.2812456150162435 0.24937291836538764
0.5688550838414769 3.1078658930988037 1.705942202224012
1.3695968770053153 2.6340911644627085 -1.8730388453584788
2.778251989976369 1.3493745967350832 1.8257172529990209
-0.6765781684612943 1.2949708982788484 -3.227358953827011
1.748931193250596 1.2594032399749435 2.8094564226423446
1.366992432540596 0.000228538216819803 -3.2451633914878455
-3.384503816685186 1.0800426429699899 0.3127483088286485
-2.2923319233063553 2.4597971373245064 -1.1553893726209725
-2.5550072766825753 0.19524353973198605 2.443258729517004
0.35597361368346886 -3.124369500546411 -1.6447280314437933
1.0431987646778662 3.303054695326541 -0.6354324179265769
-0.5869666270691057 -1.3164118096548367 -3.254326468478598
-0.2324766517771618 -3.4696803316973592 0.6717578926407887
3.2815084113590967 0.0005042381534546387 1.4149313957513867
-0.6235029630212676 -1.1959365029267217 3.29709795192832
-2.5350214462556524 -2.3509628515519334 0.620256921326822
2.7970701591926797 -1.278931611101216 1.7695397678025138
-1.9278771389773217 -2.267502868081321 1.921098878167644
1.6253673525546324 -3.0341364471716425 -0.8820452424739437
3.0086161187697824 -1.8050218085894068 0.48096893846851596
-3.3129914179326203 -0.8908737921311249 -0.9303469316002821
0.3687756181305955 -2.127996633191388 2.8367163304937293
2.7190971908252575 -2.0843084838818164 -0.877453389327291
