# Otrzymana energia: -394.4162665884076
# (n = 58, β_min = 1.0, β_max = 100.0, p = 2.0, itmax = 100000, Wall = 0.0001)
# (wr = 0.0001, wθ = 0.05, wϕ = 0.05)
-3.0997160106235997 -1.4647824477893743 -1.060381720523081
-1.783295804261729 -1.4109139021614834 2.7700966634415005
2.432454826472732 1.0995784893245957 -2.377528790746508
0.338333846697892 1.5593802378028383 -3.159914898354889
-1.0549141298718103 -3.154738280509639 -1.297042449886094
2.257349128801848 -1.1535509616829507 -2.5112910964812016
-1.3354015797726968 -0.41334826991351437 -3.2875490440938595
3.2407224847704965 1.968917169418209e-8 1.5452534196094747
3.129521599165849 -1.3576510804062096 1.0354829846169213
3.462995233235317 1.003433729249034 0.33617189651619295
1.572566796385616 2.1421925492057228 -2.380006538783122
1.02476630541321 -1.1120754439312495 -3.2256724861632855
-0.6921178711675272 1.2514427023454504 3.2144991536890375
2.5484999074326513 -2.042583034794047 -1.4245376864750663
0.11186958376347372 -3.4800543505296706 0.6906541489794349
1.2724281684939898 -2.4473133118702948 2.260744134209663
0.23227478730860693 -3.025598371845274 -1.8356738433158464
-1.749275597125158 3.076775707387194 -0.4272209940262571
0.642380837459204 3.4747567008242317 -0.606949422520249
-3.1450898102817395 -1.633195208301446 0.4161497977834841
0.09523833922083513 -2.1036358264386052 -2.877403419464246
2.394759057072483 0.7609717631704199 2.549785624860096
1.4583829911045483 -3.2361223519342874 0.2683268512742687
-3.3568454718771807 0.8929225712766399 0.7824247102573711
3.0056161161769324 1.8969073501417766e-5 -1.9977483539964649
-2.074897250189839 1.072905597265567 2.707974050688455
1.4906001645808387 -3.009995330670975 -1.137556274338387
-1.430885085393941 -2.5362361706350693 2.0403592428717734
-3.3117303673890466 -0.4664051066857679 1.249415315479617
-1.1973768064818022 -3.3597669238668897 0.11705713186617751
-2.393130411499256 0.17206166261078695 -2.6282112530398396
2.672044956698716 2.3081258189695513 0.07195886266309054
-0.5901038709211447 -1.1267845147729092 3.34465456570053
-2.5658196999294876 1.8537855106221388 1.6423617066966192
-0.5453267158497771 2.4220916961339185 -2.492927491793965
2.224994157053344 -2.5046485413883737 1.242792720385952
1.882543764483576 2.7650081032766316 1.2312451014452201
-3.221447321711414 -0.12976942000321903 -1.5669145158794444
1.6530061021957037 2.0501376427128033 2.463827434231099
-2.213787270654129 -2.696695860519289 0.8278588388987367
1.8602845847206024 2.802894378691283 -1.1038317598677263
-3.338877755829385 1.0265826569382535 -0.6963655611190696
2.0593672599812604e-18 6.206608018813927e-37 3.5242594577305275
1.4632622667538344 -1.3325451376684294 2.963650201660158
3.509448878912621 0.00010849111212084154 -0.7220990733073216
-1.7520482001007598 2.9280004999823293 1.0467918277274102
0.667273428070057 3.409029336474623 0.7891324955713991
-1.2667589913612336 -1.7403623534983765 -2.8533353740062757
-0.0579079036316836 -2.9576029376749426 1.9988726853606926
-0.45352812697377964 3.11215554038234 1.6544219167295309
-0.5858565948055824 3.2438378485343398 -1.3035378784274003
-2.621225248101445 2.1662412215881743 -0.9811016313136591
0.07761301341997619 3.529029369329906e-10 -3.5506693197305563
3.274203383892905 -1.3677017604974677 -0.38591943684045993
-2.1013926682949045 -2.2375804244158277 -1.7919020997717883
1.3933860619390754 2.1495793551483567e-16 3.2182883729083587
0.15620001893138302 2.3104533003774432 2.72938945589081
-2.5922212944626217 -0.2652875504618653 2.478263988594223
