# Otrzymana energia: -401.58699729564773
# (n = 59, β_min = 1.0, β_max = 100.0, p = 2.0, itmax = 100000, Wall = 0.0001)
# (wr = 0.0001, wθ = 0.05, wϕ = 0.05)
0.5705121764832184 -2.2139889596146234 -2.754943884942437
2.4918131123184146 1.8009157968470075e-10 2.5925564930880203
-1.6767965888697816 -3.080289063695455 0.5730322924912711
-1.212118335492398 0.5085891242654986 -3.3268514110335747
2.6946543131372493 2.2418714285398917 -0.6520087619160325
0.3220554987922057 -1.6230046175390838 3.1480050546170553
2.679789932422812 -2.3418477494128815 -0.07884776419619563
-2.9604188656479087 -1.7131418211331861 -0.9793097540865464
1.500826302036818 -3.19983818908816 0.23717011456320927
-2.1014661219855233 -0.43417204113504226 -2.827983268614829
-3.26093706337839 0.42013459897196714 1.3673825999432154
-3.2863492368967666 1.2885642934551607 0.16170591349243482
3.488006713180087 0.21596059195279893 0.6725204080603112
1.2314008522928148 -2.813897652279105 -1.7946690636577696
3.5155649925146357 6.371462847717442e-5 -0.6280778791068864
2.407013767085804 -0.8474833173414997 -2.469419565373617
-0.6591189707355927 0.5759315423871639 3.4585512645111267
0.3193173581852512 2.2998217105590917 -2.685430121000932
1.5153112013712553 1.4437217302538914 -2.8582525600272883
-1.8598926749486095 -2.5541085278198374 -1.5940510048761636
1.4381208699688874 5.730862388817031e-5 -3.2189265364013733
2.4884875689060615 -1.2847150113531862 2.1863196987569484
-2.1087302319244463 -1.289434445144612 2.5734652493049985
-1.0227485150492608 -3.3278468178423433 -0.7195972840752672
1.9821564497441393 2.4617927575818697 1.6312153144075312
1.1444469193568358 1.8999764876512564 2.7769200876925293
1.5286839296559913 0.6122033851169945 3.2379918827487155
0.5046868027776857 -0.2567987150049894 3.5144225483197973
1.5967795509233331 3.105940348642528 -0.5949173040655055
-0.6923116003226161 -3.0904570711261226 1.6430956569924657
3.005022715695469 1.687397655162343 0.7460657428933795
-1.0997646594414874 1.8417497910472533 -2.827028072465478
3.063247363321823 0.20036525007219433 -1.8204644806706514
-2.2600529739506805 1.945759094270802 -1.9196062829728975
-0.30947288938299233 -1.3907362963106689 -3.2642841237407807
2.585104843145404 1.516856327541936 -1.8732553388639488
0.5223545011755425 3.1815123221148407 -1.5334280737131385
-1.8661169316156807 0.015555319317673337 3.0392758454841613
-3.1748915303742296 0.9530778119348918 -1.2826339916421208
-0.6250899798736816 3.4173212346859767 -0.7744852529742624
3.194033360113403 -1.288496991453976 0.9213375342777952
-3.112327038872228 -0.4162249554521461 -1.7343623100469252
1.1312122411742582 3.300386068050226 0.7368727393499628
1.4224545625332443 -2.1581552078842434 2.416002487812556
-3.0643934426141892 -1.0772636972674214 1.4818302675780943
-1.5635643577046519 2.1506415520639854 2.3357914862472513
-1.5423554877480217 2.982739623897116 1.2250055027742541
-0.3190052045977098 3.5011676021781293 0.6373466653120466
-1.8761610559533068 2.8557922750022633 -0.9713851446794577
-0.29526860111870845 1.8732417500254128 2.993139284595619
2.4665906315672443 -2.056130625836472 -1.5295578505855236
-2.467483210110697 1.0506271722634397 2.346498777260342
-0.9747306626671658 -2.127141664599202 2.6920661375714983
0.7621721854482213 -3.090700153912343 1.5180511496509053
-2.826262209526846 -2.100719535972991 0.4608737614272216
-2.4863972535060936 2.48558433765549 0.2406513850803036
-1.5256859813358503 -1.7300219892006876 -2.7090881282931623
0.4288717902017133 -3.4412163903616158 -0.7663794052468107
0.04709502179724946 1.1377592406065295e-7 -3.501751789192015
