# Otrzymana energia: -405.66354794620037
# (n = 60, β_min = 1.0, β_max = 100.0, p = 2.0, itmax = 100000, Wall = 0.0001)
# (wr = 0.0001, wθ = 0.05, wϕ = 0.05)
2.4537323150039514 2.0440358312062887 -1.7192757234573994
-2.952642045572602 1.8489919700139383 1.0332522434262563
0.24904038722027258 3.5493350961676273 0.8010161063020113
0.1530646394024617 -2.067986875251013 -2.9560743451993647
-1.9064469830492607 -1.1342917912238693 2.8604781381391273
0.42224508632472146 2.122224036994522 2.8567109477486445
1.7722226226960247 1.512742060320701 2.723803169994283
-1.6041191894089297 1.549428173163683 -2.8586067592900815
1.5179079395707487 -3.076653603634066 1.177103755072462
-0.8437538474399644 -1.0952854507298275 -3.3490071861712893
0.21683288831107148 -3.0449374449299005 1.9393436154231039
0.5714347097300572 2.289922052128849 -2.774530678216207
3.230939006028118 1.115168920695493 1.1126015810341578
3.625736368535733 0.37582790330498866 -0.08033694687864819
-2.925526049095976 2.043573149109773 -0.42871331310070376
0.7765366462369496 -3.352057631006271 -1.1147174273482972
-1.4911728106706164 -3.295596107753856 0.007310594728990839
-2.502070882689071 0.13340533788089406 2.5950227368158156
-3.2858513978671344 0.4461961706539086 1.4343944089142084
0.024956014037329947 1.8473365465728953e-14 -3.5273877888830385
-1.7530170745628284 1.2894494209840346 2.8543495364262905
1.6648033755319671 -1.3644354643467413 2.935832487076328
-0.33344984980319775 1.3233008732897507 -3.358948199539249
-3.5237653994851894 -0.6135267409878411 0.4866695684339527
3.1544282901344776 -1.2138726471614383 1.2924407433546827
1.4482419712721377 -1.3997070697526928 -2.994515055924656
3.4550639046029796 -1.0476093395412331 -0.030422998604061603
1.4034778287079193 0.003116928226970976 -3.341989640934972
-2.9794353837922753 -1.75835345131563 1.0130367226378982
3.2928987243970043 0.9993532906617318 -1.249388950600237
-3.4209183683358066 -0.6114774108638035 -0.9831079518932875
0.5267427631037478 3.2043241826954776 -1.5568743429719756
-0.3165828848927591 -3.026774082813343 -1.9714852417367188
-0.43265480614238716 1.1740912992659447 3.3660807904221777
-1.816195489349008 3.009517645277506 -0.7945122959368124
-2.494521214275856 0.5202843052500762 -2.5744973939113645
-3.247484058597763 0.8581294263806546 -1.3276343612181305
-1.7285399188101953 -2.8829646803227895 -1.351945060226896
-0.45035748095561773 3.0217649425394515 1.9840453127255555
1.795415569041602 3.0142153165402044 -0.8658575773437477
-2.1271762107116854 -0.8595655105475437 -2.8109121327237596
2.259167877560408 -2.1062512351031675 1.8313501505284355
-0.5994809215913365 -1.1700066656664365 3.3986425695727536
-1.131071116726608 -3.139575070383122 1.3835612343737862
1.8945489949814744 -3.076859994114553 -0.2698428255767162
-2.6895139299583133 -1.749103997529578 -1.7151861595745512
2.6139656081232108 -1.3268324464333412 -2.131234651136618
3.074554617520662 2.975557611662549e-9 1.965546899341593
-0.4834684226011294 3.557323600893674 -0.545397878332881
2.095498739572926 3.99346775072327e-9 2.9194807084817933
2.9849477625897496 0.0004755457427628724 -2.0850752088072015
-1.881321735306966 2.3886011092007084 1.9198159581803294
-2.1048898294713645 -2.2215562088689005 1.930379627980989
0.4285712787506626 -2.046036917469414 2.954301362004793
2.819196934716064 -2.088596171743476 -0.8634253533795331
1.6733461343367677 3.1727230167985234 0.6291406652108746
1.714931750237817 1.3973017658780567 -2.884984600030482
2.386474685949787 2.2337554985419255 1.5356665185375526
1.286798883534216e-21 3.2750637049911243e-35 3.7463542740714795
-1.5073450963895583 2.5832399145056457 -2.0259204876840546
