# Otrzymana energia: -410.54807531075414
# (n = 60, β_min = 1.0, β_max = 100.0, p = 0.5, itmax = 100000, Wall = 0.0001)
# (wr = 0.0001, wθ = 0.05, wϕ = 0.05)
2.547292002685959 2.5285912071183305 0.19631142983751884
-0.18740931143370526 3.3815887909293822 -1.1843921577470025
3.457887385155583 0.00018798970258855087 0.8271398553971532
-3.0163112236282883 -1.7284048253411 0.9496463344175962
0.9961107069996539 2.915009412973786 -1.8678694570424748
1.510128650519787 0.002966820898142958 -3.259341011868436
-0.746705020112349 1.5114195632625633 -3.1600829566907938
-1.598105185454587 2.9006546163409817 -1.4031361413600467
-2.2036355677254575 2.8225211623733895 -0.10702634178917984
-2.6894632859453305 0.6145584412302506 -2.3118164691210135
1.70431463189191 1.2834365755565573 -2.8777342106196966
-2.9506770478190036 -1.4556763185651982 -1.4297600008693512
2.3458559714550153 1.463802235409038 2.313461252864539
4.4972154119338624e-24 3.3895158730476223e-43 3.5290674175847463
-1.9823255879149073 -1.762108619388985 -2.4365940736206717
-2.547747863301007 -0.2863040483235987 2.539262649896975
-1.9292650023605853 1.8953240224572185 -2.3587174569254703
2.3747762911666337 3.115077974355468e-8 2.7189436380788483
0.6931160212912496 -3.5222547454020527 0.15568726615223458
-2.0836191846072034 -2.269204550820476 1.841298814029336
-3.4012291687533796 -0.06450788228881381 -1.1558418412072562
2.112471374414441 -2.1987381109312936 1.906755549789317
-1.1612003700984879 2.7880905840540042 1.9893117432738232
-2.3129187689557646 2.026275543064884 1.8628931878714567
-0.7952994051688892 0.16711945221796165 -3.5176602986463834
-0.27781783974841734 -1.4520887753657172 3.242477637622899
0.6995312050872671 -2.4190286427512713 2.5404336703016193
-0.6923239991249484 1.1732066764440925 3.3137387846135193
0.3152409562277204 -0.6542317255797451 -3.5243275970515637
2.063648675108806 -2.886909364728438 0.5833412359982144
-2.0259500401086847 1.0039104032156891 2.7866708180150797
1.6838797635843081 -1.9760047471735025 -2.504066413179878
1.3883302813384029 3.1824217287651697 0.9021115410765633
2.4314905999628618 -0.768355377477856 -2.5429442303564196
2.14813399126693 -2.5231411046457706 -1.410762770001475
-3.5296163316510154 0.5533332804432133 0.2334835820220916
0.5833508108934364 2.062051610960291 -2.909381988852895
2.905163251519943 -0.9837371697695807 1.8706547979644355
-1.0705457243582055 3.34967088399527 0.6887485973379956
1.3021166930316048 2.501184808358545 2.1817509847556376
-0.769924522641666 -2.6702480653371365 -2.293063729315611
-1.641085750612426 -1.4113328733849617 2.877880928788998
1.3268326747945183 1.609818836773029e-8 3.445508790902408
-1.9622905618942545 -0.4524095258664789 -2.978352175046274
3.475609635469774 -0.739463635587766 -0.43398446834993676
-1.5867644425667953 -3.2114896646947626 -0.1856414922408865
-2.725881483572653 -2.3116277110224885 -0.32761322350670463
0.23034251098588238 3.587760465811484 0.17560935749954223
-3.0000081507637306 1.8781675257821855 0.6290152107165886
3.130335146532423 1.4079407375839688 1.0514648171529373
-0.037662284959571475 2.3266218582549953 2.7230981478351297
0.10549102694682916 -3.265957983183302 1.5217337731704852
-3.3283724241435424 -0.41814415207074157 1.3102463904277581
-1.2384796950492625 -3.15427488713143 1.1870948806589763
2.2799432794282875 2.5177330041156267 -1.1959737664454584
-0.3811169670234933 -3.431193714130962 -1.019082561940825
3.2176831012929155 0.0001328534546477321 -1.6464686097412506
0.30703837112791127 -1.9787866931556708 -2.982349999513058
2.902883318896271 -2.092703887090916 -0.3592758250276657
2.7369291893087944 1.3589881855467625 -1.934123431307412
