# Otrzymana energia: -407.7308327025889
# (n = 60, β_min = 1.0, β_max = 100.0, p = 2.0, itmax = 100000, Wall = 0.001)
# (wr = 5.0e-5, wθ = 1.0, wϕ = 1.0)
1.7710978929542034 2.1585654753413372 2.411768932578031
-2.3699328840575844 -0.5864235341925564 -2.768690311441998
-1.8540598499019099 3.185755737898007 -0.13059605830678236
-2.441605683163344 -0.2616737003914459 2.7520726828334987
-0.6101045543327626 -2.9336250144311005 -2.152678022763665
-1.5374571056657451 -3.3527069548034625 -0.05619994925493851
2.287356847587828 2.1916969151761134 -1.8890359324271746
1.6193729091684972 3.1025515224765132 -1.171404002688208
0.7097706470007838 1.3341254319174236 -3.362080666537193
-2.490781813314937 1.9415855602333945 1.9061536516634874
2.8092773873184558 -2.199886871018079 0.9368819585583948
1.415894311594928 0.0 3.4104354664192673
0.7478095689929494 -3.0594939799459584 -1.922919111635564
-3.445688546193683 1.3118970300014052 -0.10253754433738396
2.7377137236288163 -1.3686929585337775 2.059156045115693
3.325238078103657 0.0 -1.6115358969830456
-0.5329008929870485 3.608693943250305 -0.5445413257718502
3.6797659303396384 0.0 -0.25593148675194255
1.4174470767549219 -2.098669572065783 -2.681281377636545
0.9718279868501777 -3.5342522651050996 -0.41676957000794507
3.098826039867138 6.431277124646396e-236 1.998969292796047
-1.9526519205139194 1.0961725157588862 2.9301934731601316
-1.373443706163499 1.5999979430892226 -3.024954648355351
-3.3262270038058 1.016873199164508 1.2281949622671031
-1.6084681594015318 -2.591310994515026 2.073733632243223
0.1963526071699571 0.0 -3.6851732291186527
0.0 0.0 3.640382435108674
-2.4896632099367766 1.7293865163059845 -2.104155830133593
-0.10452822781234598 2.3512497116584026 -2.838368093585168
-3.3191169967079217 -0.3821617344263481 1.5640270133413727
1.9640408083059544 -3.0948622564808828 0.41788901950777035
0.4586301803273732 -2.294088235864629 2.8502467817052586
-1.2554438213616212 0.19263540734346646 -3.4626370451680404
2.245420929683836 0.8528790092121934 2.8005743428928063
3.4319034260272323 -1.3507584228906964 0.07407975318565845
0.2503605528062661 3.2469538392917174 -1.737233185747898
-3.5891168575507444 0.13700412685958566 -0.840694933853248
-0.3545232997762672 3.2378222233188874 1.7308902092418224
0.4066295500321415 3.6257158476098916 0.5403212161220605
-0.2928800386760576 -3.1250274149563317 1.9363822440015683
-1.7150717868974756 -1.4726469305133585 2.9143187009393623
-0.41133776581236065 -1.3125216907752562 3.423532247071795
2.6487007404854297 2.2754574381410113 1.190864371693238
3.4496878662888326 0.9373930439303733 0.9141082384933013
-0.5796413539733495 1.3373790602097058 3.386441609936235
0.3098942209518431 2.417226582984195 2.771596415032088
1.824419960719386 3.1942586854725903 0.28129519988022567
-1.7779969238556348 -2.8814630873405176 -1.4566888349945235
-3.3967157895267537 -1.2284450832152494 -0.7498795783345306
1.6390838777209824 -1.4242220669037218 2.9817859294248223
-3.014596821150446 0.4412944586392351 -2.0831067549227456
-2.753488704254077 2.3230132955208127 -0.795490877889788
-1.7414228855326215 2.9768518296553994 1.3075795619617125
1.4094684694598476 -0.8032029309679899 -3.311713171053887
-3.3136255725746206 -1.4874484160212191 0.6346986349654529
-0.16884889903502495 -3.6474907334091036 0.5192822420685571
1.9790988636269757 1.271113143029301 -2.8477888737349666
-2.4041136588912293 -2.650277321511494 0.8988238101427302
2.5237813051180362 0.0 -2.7240846748196645
-2.628738363046958 -1.755069095610566 -1.9091512806294868
